0.0012500000000000002
0.0012499999999999994
0.004999999999950242
0.01124999999990968
0.019999999991894425
0.031249999844059018
0.04499999870938026
0.06124999333190298
0.07999997516404393
0.10124992806199147
0.12499982959853102
0.15124965682702526
0.17999939322786987
0.2112490324498503
0.24499857719516316
0.28124803478503085
0.3199974120634313
0.3612467114753724
0.4049959286859994
0.45124505098628614
0.4999940551712166
0.5512429031666689
0.6049915326099972
0.6612398362082992
0.7199876129337927
0.7812344351004564
0.8449791950281793
0.9112178397222903
0.9799167334614802
0.9121032109704449
0.8458483054882671
0.7820744358294014
0.7207960399979911
0.6620158165368331
0.6057346471831082
0.5519529109165735
0.5006708001210824
0.4518884240980218
0.4056058502027033
0.3618231224927201
0.32054027094246346
0.28175731620108674
0.2454742721020407
0.21169114713618709
0.18040794571404015
0.15162466975339278
0.12534132068833323
0.10155790142900416
0.08027441744296046
0.06149087639402207
0.04520728663393923
0.031423655574154066
0.02013998883537722
0.011356290286343511
0.005072562510137361
0.001288807263889341
5.025788178975119e-06
0.001221219002342579
0.004937387636165423
0.011153532284602904
0.019869653284535396
0.031085750237146003
0.04480182104076807
0.06101786061333516
0.07973386001745053
0.10094980692664822
0.1246656877140191
0.15088149023668176
0.17959720577801846
0.21081282916744504
0.24452835719327382
0.2807437861199007
0.31945910909256203
0.36067431372808
0.40438937961342575
0.4506042748983286
0.4993189504982914
0.550533329066358
0.6042472824103178
0.6604605809635109
0.7191727653068469
0.7803827511346143
0.8440871837168654
0.9102681336766855
0.9779790116489632
0.9093757563445609
0.8432114037785314
0.7795376700126753
0.7183606955023288
0.6596821727872247
0.6035027649746456
0.5498227896124107
0.4986424201991404
0.44996176094200063
0.4037808792910171
0.36009982205307617
0.3189186244297466
0.28023731577913347
0.2440559237686171
0.21037447766872094
0.17919301097542242
0.1505115628727636
0.12433017717629606
0.10064889688789042
0.07946775360662924
0.06078675484590302
0.04460587698070284
0.03092507094169096
0.01974427872850442
0.01106345020556386
0.004882551615569998
0.0012015653910518276
2.0485326474927883e-05
0.0013393104829585818
0.005158039022290211
0.011476661858751366
0.020295155966943434
0.0316134781972507
0.045431562024276874
0.06174932050264453
0.08056665716418712
0.10188348247295677
0.12569972936100351
0.15201536105830843
0.18083036853166978
0.21214475963088186
0.2459585442088524
0.2822717190650057
0.32108425485975023
0.36239608498032366
0.4062070941072706
0.45251710201160983
0.5013258352237141
0.5526328734739734
0.6064375435786977
0.6627386944896615
0.7215341676594508
0.7828193411694409
0.8465820691724912
0.912776442705633
0.9809793643708477
0.9163723244097207
0.8501574702515049
0.7862867733199077
0.724876598301886
0.6659501508290754
0.6095152038517546
0.5555751402112321
0.5041316893831895
0.45518583825656983
0.408738196928065
0.36478916626154806
0.3233390223484638
0.284387962091958
0.24793612895737968
0.21398362803045945
0.18253053537477068
0.15357690480786532
0.1271227740871667
0.10316817134617609
0.08171312130684316
0.06275764985081617
0.04630178569829388
0.03234555919807189
0.02088899954734256
0.01193213212042156
0.005474976963081577
0.0015175486158729055
5.985687683477907e-05
0.001101908011470526
0.0046437060500946975
0.01068525393998391
0.019226554315496427
0.030267609513566107
0.04380842034294704
0.0598489833229778
0.07838928689932013
0.09942930819527418
0.12296901208689122
0.14900835304587606
0.1775472781652335
0.20858572884732707
0.2421236393635426
0.27816093182968016
0.31669750781136663
0.3577332363174761
0.401267936472693
0.44730135061860743
0.49583309896987304
0.5468625970913245
0.600388893398154
0.6564103174835999
0.7149236180093023
0.7759214422825077
0.8393826709724677
0.9052118560434809
0.9716983117352761
0.9044194337631488
0.8385993321409768
0.7751690205040245
0.7142045577020434
0.6557246631605439
0.5997362595715915
0.5462425447697589
0.4952452216862321
0.4467452920353583
0.40074339059895614
0.3572399444738619
0.31623525663886554
0.27772955334162014
0.24172301255687345
0.2082157816895262
0.17720798880025437
0.1486997498376043
0.12269117327626776
0.09918236253683758
0.07817341538420328
0.05966441839298119
0.04365543459975279
0.030146485812564384
0.019137538507008653
0.010628506940367433
0.0046192771967406695
0.00110973662052054
9.978862337557616e-05
0.0015893473824523895
0.005578320760684488
0.012066594101709526
0.02105402701803426
0.032540469600073674
0.046525790802308495
0.0630099006292334
0.08199275360314642
0.10347433646243451
0.12745465026397235
0.15393369381546018
0.18291145002882897
0.21438787404570916
0.24836288145646024
0.28483633500573824
0.3238080277867417
0.3652776595618314
0.40924480007308794
0.45570882797865664
0.5046688234760301
0.5561233689396677
0.610070152894908
0.6665051084547384
0.7254202892370347
0.7867976084150293
0.850584507057404
0.9165374947913527
0.9799328483814096
0.9134896825843299
0.8475436286307191
0.7838594571610163
0.7225996508867035
0.663805322618781
0.6074918611608623
0.5536664202950836
0.50233282300485
0.453493321977434
0.4071493445455825
0.36330184793284204
0.32195150532170314
0.28309881138118925
0.2467441464372141
0.21288781751231592
0.18153008445999605
0.15267117422292115
0.12631128398551833
0.10245057463013682
0.08108915933193264
0.062227095907728215
0.04586439088148271
0.0320010160686829
0.0206369301737596
0.01177209600270545
0.005406488732552204
0.0015400962687756733
0.00017291493727369814
0.0013049430495589655
0.004936173310467357
0.01106658393426971
0.01969612822145526
0.030824723542092605
0.044452243245108214
0.06057851772587889
0.07920335019379562
0.10032654519779477
0.12394793701785427
0.15006740136310573
0.17868484296560325
0.20980016506269497
0.24341323255549122
0.27952383681834936
0.3181316624831105
0.3592362498780076
0.4028369416197913
0.4489327953624343
0.49752243165930743
0.5486037557518453
0.6021734179556891
0.6582256782573788
0.7167497336165718
0.7777223527320094
0.8410821907812036
0.9065963161130975
0.9721498273806046
0.9177253275490822
0.8523010956443781
0.7886470339315592
0.7273025614999235
0.6683787302307069
0.6119131987798093
0.5579224731113119
0.5064150332515944
0.4573957351371215
0.41086758681751673
0.36683256417247206
0.3252920223966408
0.28624691817789344
0.2496979357453255
0.2156455615554641
0.18409013136259747
0.15503186337007988
0.12847088571428733
0.10440726325255231
0.0828410266299658
0.0637722050725981
0.04720086152803111
0.033127122777213115
0.021551190409444736
0.012473321130239913
0.005893783188240732
0.001812814324405586
0.00023060344391854506
0.0011472986637690492
0.0045630302688128566
0.010477934503615182
0.018892165897242637
0.029805889114142295
0.04321925010859524
0.05913233988683101
0.07754517029086759
0.09845767150176067
0.12186970575187552
0.14778108551034563
0.17619158775367386
0.2071009612130776
0.24050892614845992
0.27641516621473944
0.31481931069255353
0.3557209034610654
0.39911935215657224
0.4450138451908358
0.4934032117022102
0.5442856707248319
0.5976583455434972
0.6535162284845636
0.7118496849211544
0.7726373228993667
0.8358196780972189
0.9011470539476246
0.9654547731715563
0.9025906787320823
0.8373298362452396
0.774139670844681
0.7133234593978774
0.6549516779863445
0.5990496549614922
0.54562889129255
0.4946954426267463
0.4462528423801443
0.4003033141245026
0.3568483411024352
0.31588896076514095
0.27742592965406765
0.24145982204318475
0.20799109199201676
0.17702011337063014
0.1485472054811507
0.12257264880925989
0.09909669399056314
0.07811956590500059
0.059641463187806866
0.04366255144505346
0.030182947428754138
0.0192026944678125
0.01072173918405243
0.004739929156920021
0.0012570417813295212
0.00027282556496795277
0.0017870249673879652
0.005799387117107475
0.012309675384683279
0.021317703416965497
0.03282336699447981
0.04682664274595545
0.06332755527054425
0.08232613732810688
0.10382239960452633
0.12781631135107915
0.15430778690487207
0.18329667341241682
0.2147827367701595
0.24876564345573707
0.2852449350184673
0.3242199895739597
0.3656899605237819
0.4096536756331682
0.45610946587692397
0.5050548640658834
0.556486045184697
0.6103967086392221
0.6667756181876965
0.725600426812694
0.7868189875908056
0.8502736468578054
0.9151750271463192
0.9632291877296094
0.8991265956064801
0.8341954499812908
0.7712517974922795
0.7106334803548561
0.6524327299050177
0.5966854048427288
0.5434085674259826
0.49261147979151565
0.444299657865998
0.39847661661185046
0.35514470953740246
0.314305567488173
0.2759603443972351
0.24010986564486717
0.2067547273726234
0.17589537184562556
0.14753214973453757
0.12166537017251661
0.0982953338114273
0.07742234458791478
0.059046702021477354
0.04316868297604024
0.02978852416002469
0.0189064127758672
0.010522486494377585
0.004636839779659436
0.0012495327765534915
0.0003606001309077121
0.0019700585892962097
0.006077913206120845
0.012684162351608045
0.021788801586626168
0.03339182598134388
0.047493229764795815
0.06409300164879927
0.08319111439703168
0.10478750879758891
0.12888207485791503
0.15547463501671535
0.18456493323680243
0.21615262964354864
0.25023729526015637
0.2868183982272754
0.32589527222651615
0.3674670574232326
0.41153260048196993
0.45809028864415446
0.5071377658537648
0.5586714176052179
0.6126853615262262
0.6691692708131144
0.7281030567331173
0.7894414061322405
0.8530551547309335
0.91837552969833
0.977313277095061
0.9156802067500145
0.8504075008572558
0.7869256824104615
0.7257227062829347
0.6669196251581266
0.6105612650955251
0.5566683333204084
0.5052518541191511
0.45631830860611633
0.4098717944963507
0.3659150464309913
0.3244499606184912
0.2854778816808248
0.24899976747311459
0.21501629012561949
0.18352790650778306
0.15453491901651026
0.1280375391232285
0.10403595660293602
0.08253040498228105
0.06352120221040777
0.047008745881259674
0.03299346318603196
0.021475744217721596
0.012455894404822958
0.005934121409992038
0.0019105483852741025
0.00038523801693695367
0.0013582167485689815
0.004829495439484413
0.010799086450950575
0.01926701748248216
0.030233340425154707
0.043698130475819226
0.059661469500123
0.07812341190478622
0.09908394155071001
0.1225429369860994
0.14850015931299293
0.17695526269971554
0.2079078139851005
0.24135730440066822
0.27730314137837153
0.31574461429687284
0.3566808294878914
0.400110604990491
0.44603230294824325
0.49444355186923694
0.5453407562654214
0.5987181626076975
0.6545659120346772
0.7128654896394548
0.7735773058263273
0.8365981127028891
0.9015474641822391
0.9653504633824316
0.9233363495336616
0.8587189874345817
0.7951636777046686
0.7337412440653343
0.6746673098117093
0.6180141484694245
0.5638132273133699
0.5120806482818453
0.4628256115544531
0.4160538146817481
0.3717690128384322
0.3299738119087553
0.29067010582447395
0.25385933306533026
0.21954263187553336
0.18772093230522197
0.15839500521040914
0.13156548166350923
0.10723285490502833
0.08539747733431532
0.06605956424366283
0.049219211840823104
0.034876429401366794
0.023031177524973794
0.013683401448555366
0.006833051771346744
0.0024800911691802113
0.0006244900401863543
0.001266214926036362
0.004405212315144787
0.010041389089404416
0.018174590918801158
0.028804582119137265
0.04193103441443185
0.057553534621402835
0.0756716169301876
0.09628481179565024
0.11939268888306881
0.14499487015032794
0.17309100326069451
0.2036807019306825
0.23676346647476035
0.272338593916407
0.31040507734916534
0.35096148180859216
0.39400576824517486
0.4395350136177486
0.4875449312444049
0.5380290000593936
0.5909767805677899
0.6463703781426596
0.7041761404043231
0.7643218982534066
0.8266185064488784
0.8903644634301302
0.949983498421215
0.9111137828059112
0.8481539109896491
0.7854768403925851
0.7247025408769019
0.6661770680926756
0.6100189428055202
0.556280313348062
0.5049880197613633
0.4561574510595629
0.4097981579719802
0.3659164410383947
0.32451666694827286
0.2856019921080863
0.24917478587443867
0.21523688964177806
0.18378977894269527
0.15483466349576303
0.1283725449969698
0.10440424558279873
0.08293041686137959
0.06395153841160342
0.04746791554941568
0.03347968788186812
0.021986858068404794
0.012989339577409994
0.006487007914784365
0.0024797354238327673
0.000967400053555714
0.0019498724931948672
0.005426993150522408
0.011398551148889798
0.019864276391613585
0.03082385217393638
0.04427694522104226
0.06022323527343382
0.0786624223294549
0.09959420353998566
0.12301822843479919
0.14893404492608137
0.1773410418757089
0.2082383864424308
0.2416249494615773
0.27749920783510096
0.31585910631786773
0.35670184930255494
0.40002357164774494
0.4458187957842346
0.49407949508339966
0.5447933873278731
0.5979406022952527
0.6534865627005881
0.7113648464745813
0.7714284931388319
0.8332729167378133
0.8952630871760852
0.9426689907168322
0.8956396216127273
0.8339034513551213
0.7722140185064625
0.7122528200223333
0.6544446127598158
0.5989465018138236
0.5458307099315345
0.4951354606965664
0.4468830854958505
0.40108762130142156
0.35775839957031536
0.31690189779681976
0.27852276011101385
0.24262438851537488
0.20920929960942516
0.1782793500817776
0.14983589090837887
0.12387988799450589
0.10041203379654846
0.07943286359532384
0.060942876229970314
0.04494263927823764
0.03143284118573552
0.020414261675180345
0.01188767748465403
0.005853763369281374
0.002313040137955308
0.001265877849881166
0.0027125319878766718
0.006653187659487308
0.013087995342086557
0.022017087929416763
0.033440571863284606
0.047358490042511366
0.06377076413664524
0.08267713467200312
0.10407711951440073
0.1279700009079911
0.1543548344191506
0.18323046032720136
0.214595494358509
0.24844827811163434
0.28478677401041197
0.3236083887967186
0.3649096983094523
0.4086860187320365
0.4549307131641705
0.5036340056001315
0.554780813344418
0.6083464653668309
0.6642873920426542
0.722518161283027
0.7828439611603049
0.8447019281647641
0.9056079951595876
0.9404196155512281
0.888320558931567
0.8265918404221694
0.765204850149041
0.7055760119856541
0.6480983084947477
0.592924378467158
0.540126514943585
0.4897437442618351
0.4417991821782308
0.3963074979030713
0.35327850559556795
0.3127190484887854
0.2746340602597555
0.23902720261056004
0.20590127234859076
0.17525847471242842
0.14710061010478415
0.12142919559867883
0.09824553248798294
0.07755073256513913
0.059345721886085036
0.043631242282569684
0.030407863404373413
0.019676006430205763
0.011435972817357472
0.0056879704877250544
0.0024321328581397563
0.0016685293059895065
0.0033971672705217708
0.00761798638602451
0.01433084474954027
0.02353549770931247
0.03523157144770237
0.049418537577184625
0.06609569933411014
0.08526219958411406
0.10691704980804514
0.13105915983761426
0.15768733548066938
0.18680021884788028
0.21839616721935237
0.25247307985330464
0.2890281762452876
0.3280577069226497
0.36955654460791115
0.41351755585375416
0.45993057027823514
0.5087805937156386
0.5600445217605805
0.6136846388343437
0.6696344960896565
0.727764174890989
0.7877787650723581
0.8488351329141244
0.90735173843645
0.9350554682637402
0.8869506160360042
0.8267466918019625
0.7660649228241894
0.7068265566781008
0.649586133086969
0.5945623886555925
0.5418596701157431
0.4915345059867367
0.4436204314238493
0.3981387386614728
0.35510367457106207
0.3145251756604586
0.2764104072125351
0.24076467726711298
0.20759200276730289
0.1768954722836105
0.14867748683969761
0.12293992923062778
0.09968429425843615
0.0789117980621739
0.060623470718025596
0.044820224541018014
0.03150288764733496
0.020672202648605136
0.01232880589342211
0.006473208151874652
0.003105789205541387
0.002226806996590165
0.0038364160060926117
0.007934689288148
0.01452163980255219
0.02359723637381618
0.03516140742538052
0.049214023777699005
0.06575485404318519
0.08478349455068969
0.10629928632569029
0.1303012358775359
0.15678794968220175
0.18575757818721955
0.21720775115462937
0.251135476078735
0.2875369644531015
0.3264073421928136
0.36774018203761955
0.4115267533485044
0.45775479288728715
0.5064064027486193
0.5574542372289278
0.6108540560118491
0.6665287749374856
0.7243299603146558
0.7839283453766521
0.8444189741253035
0.9022593187203752
0.9340637725407038
0.8923225376611527
0.8335877661378678
0.7733342861341685
0.7141863925290947
0.6568872065102485
0.6017251330854533
0.5488360737889132
0.49829295075995605
0.45013868976652244
0.40440036603537527
0.361095985734653
0.32023802082509656
0.28183537218654253
0.24589451625009343
0.21242020960989785
0.18141595502553046
0.15288434712038385
0.12682736548023088
0.10324664286690727
0.08214369654320758
0.063520077362017
0.0473773912581699
0.03371720102665772
0.022540884494563002
0.013849536092100724
0.007643945614918951
0.003924633793285966
0.002691909045062672
0.003945921285737074
0.007686703306247112
0.013914198111518528
0.02262827222305138
0.03382871339811276
0.047515209374507116
0.06368730455492569
0.0823443354609705
0.10348535211645708
0.12710903659126607
0.15321362642119463
0.18179683876496466
0.2128557765433683
0.24638678729195476
0.28238524000703147
0.320845177613191
0.3617587805909692
0.40511552584752913
0.4509008200538282
0.49909367305060937
0.5496625112338003
0.6025571195426715
0.6576917577787863
0.7149056416773193
0.7738554942231549
0.833654239385031
0.8912039951577811
0.9297503246826571
0.9003017680688634
0.8443243232852189
0.7847860930214716
0.7257527177111023
0.6683217783545434
0.6129037190661085
0.5596868571138783
0.5087702664260924
0.46021139622262447
0.41404606306750075
0.37029788368487915
0.32898314262082884
0.29011348569027035
0.2536974909661942
0.21974161881365545
0.1882508003419833
0.15922881240233316
0.13267853261539642
0.10860213535754708
0.08700126372693869
0.06787718871010874
0.05123094697784845
0.037063439007561864
0.02537547551035438
0.01616777884228788
0.009440961544020769
0.005195504277740205
0.0034317445532179498
0.004149877327772146
0.0073499640598986725
0.013031946225512368
0.021195659194593198
0.0318408407834768
0.04496712607076405
0.06057401873605053
0.07866083238134515
0.09922660284054921
0.12226997892078825
0.14778909876785784
0.1757814529497194
0.20624372801039673
0.23917161623134608
0.27455956426548855
0.3124004106521344
0.35268482636838255
0.3954004149868609
0.4405302251791377
0.48805021802064524
0.5379247701725384
0.5900982075620018
0.6444775739707698
0.7008938068465738
0.7590016327658918
0.8179688419223246
0.875220544772459
0.9193892518216347
0.9084517036432197
0.8577567573245901
0.7996220208842904
0.7409103987431219
0.6833826596225184
0.6276655772201832
0.5740365100642619
0.5226375443979355
0.4735494312265265
0.42682173640873494
0.38248673800339994
0.3405664619657871
0.3010765178930614
0.2640283194955177
0.22943043538556024
0.1972894451524959
0.16761049865665176
0.14039768672977176
0.11565428597769517
0.09338291966753853
0.07358566812708899
0.05626415530577481
0.041419627627559324
0.029053028915295685
0.019165066736698304
0.011756263882785303
0.00682699159318938
0.004377484474040484
0.004407838332420075
0.006917991203128477
0.011907685834278026
0.019376410734707087
0.029323319543217104
0.04174713900141578
0.05664609562160142
0.07401790879272425
0.09385988328846397
0.11616906735654092
0.14094236941880395
0.16817652935009125
0.19786791862393519
0.2300122075737315
0.264603935524421
0.30163597385103713
0.3410988145432885
0.38297954737526535
0.42726027983278614
0.47391554852179785
0.5229078416533821
0.574179379143844
0.6276358915223889
0.6831115398724443
0.7402834416674844
0.7984272487755929
0.8555461161299434
0.9042733559784949
0.9146982142329181
0.8734606232623819
0.817772700769063
0.7596549360440082
0.7020693916024794
0.6460025240621643
0.5918693596128276
0.5398747471473361
0.49013188837847377
0.44270878402184144
0.39764898553844813
0.3549818444592446
0.314727986966409
0.2769024199788806
0.24151637053979377
0.20857840400348723
0.17809511628311855
0.1500715775068521
0.12451164188556678
0.10141819562727977
0.08079337811152335
0.06263878186483714
0.04695562014150013
0.03374484979001018
0.023007246573386184
0.014743440759989745
0.008953925844263966
0.0056390520595805
0.0047990120207155205
0.0064338214031117134
0.010543294390263797
0.017127011919201702
0.026184280664287986
0.03771408299467891
0.051715024076077365
0.06818529148032063
0.08712264856091474
0.10852447128485446
0.13238780132897532
0.1587093479533027
0.18748536845143854
0.21871139793420624
0.2523818393162711
0.28848942277157796
0.32702449914447373
0.36797405792196175
0.4113202531226193
0.4570380397002984
0.5050911669331049
0.5554249968887242
0.6079527634711122
0.6625270393595402
0.7188738937141598
0.7764182306570411
0.8337245853463647
0.8862103548842782
0.9154936506799333
0.8900237565361511
0.8383556702282808
0.7811215225708464
0.7234571342969767
0.6669271935380722
0.612145522533775
0.5594001002170412
0.5088441607763552
0.4605670869151679
0.4146247607274197
0.3710540477146646
0.32988032331840295
0.2911216686993716
0.2547913603238786
0.22089943638026474
0.1894537334811944
0.1604605893840999
0.1339253031046745
0.1098523985203337
0.08824573642813278
0.06910853957467485
0.05244340137637116
0.038252324437034094
0.02653679585803342
0.017297880327187314
0.010536308324410014
0.006252545926174803
0.004446842689336526
0.005119259749500437
0.008269681899685319
0.013897817106438035
0.022003186507611287
0.03258510855677639
0.04564268285332158
0.06117478081884085
0.07918004781146055
0.09965691036459756
0.12260356539417927
0.14801791806845874
0.17589744330445556
0.2062389666551606
0.23903837350267107
0.27429024658724727
0.31198740073529874
0.3521202346952789
0.3946757497856938
0.4396359708630982
0.4869752857869622
0.5366557465491835
0.5886182682094366
0.6427648374207118
0.6989187896275372
0.7567236408899503
0.8153345096675513
0.872204513569436
0.9165583034500971
0.9085096610158617
0.8588833442700371
0.8009926509276722
0.7423117388934061
0.6847433614951762
0.6289566662663059
0.5752446599067482
0.5237561095741805
0.4745749119656991
0.4277522175633818
0.3833211483832777
0.3413042150993408
0.3017173471345046
0.2645722168932162
0.22987764419443457
0.19764047764060272
0.1678661670471601
0.14055914547088683
0.11572308269760921
0.09336104082427352
0.07347555572646434
0.05606867683408376
0.04114200124431
0.028696724263549578
0.01873370638679838
0.011253543283516972
0.00625662528159531
0.0037431793426533884
0.0037132922769799507
0.00616691633750315
0.011103858185498082
0.01852375152500721
0.028426014742132178
0.04080979999446329
0.055673950063899566
0.07301698842385036
0.09283716186512328
0.11513252210481886
0.13990099020918362
0.16714033762431263
0.1968480537444934
0.22902111288704377
0.26365566268396207
0.3007466306775956
0.3402872048257701
0.38226809195837563
0.4266763788227384
0.47349367035702083
0.5226928646001051
0.5742322059527661
0.6280434697468386
0.6840061474160416
0.7418834883788485
0.801134018457371
0.8601971518286751
0.9125737788553978
0.9223860682849048
0.8746475642483422
0.815940299047803
0.756298689038991
0.6978398813540879
0.641235696832449
0.5867630952079939
0.534557339937601
0.4846927278297931
0.4372137383169879
0.392148808719796
0.3495170797247923
0.3093319703911797
0.2716031984276061
0.23633798554386964
0.20354180955460247
0.17321888821226303
0.14537249435135763
0.1200051625125035
0.0971188302576429
0.07671494714152834
0.05879457199220861
0.04335846477744724
0.030407168532509403
0.019941073799995306
0.011960461491571072
0.006465525303034355
0.003456378022326742
0.002933046406026901
0.004895457880008771
0.009343420627085082
0.016276597762503606
0.025694477021991884
0.03759634010520466
0.05198123982952736
0.06884799530113245
0.08819520976664784
0.11002130013282697
0.1343245097318453
0.1611028723211743
0.19035410993418228
0.22207546550209795
0.2562634757989458
0.29291367638610766
0.33202020201305876
0.3735752050673091
0.41756795182628903
0.4639833420161597
0.5127993602958161
0.5639824317891742
0.617478331825267
0.6731926834090516
0.7309437275377464
0.7903272458526558
0.8502246239042615
0.906207731649305
0.9305398084729923
0.8861741081363451
0.8272570843679793
0.7670804254833021
0.7080670313137956
0.6509257408237058
0.595935431777723
0.5432282590300527
0.49287528261244035
0.4449183537456618
0.39938385782901814
0.3562893099346121
0.3156467913889929
0.27746486460183456
0.2417497088385379
0.20850584242917436
0.1777366213611368
0.14944461262818
0.1236318859382914
0.10030023141881214
0.07945129190681838
0.0610866026966487
0.045207558188222446
0.03181535155128421
0.02091093328004798
0.012495008097590446
0.0065680626344607335
0.00313040611886768
0.0021822100041897943
0.0037235398495537465
0.007754377913524375
0.01427463684625399
0.02328416458110381
0.03478273923599503
0.048770051673460775
0.06524567362041452
0.08420901206963191
0.10565925582148637
0.12959532432638385
0.15601582724146879
0.18491903268333998
0.21630282737094417
0.250164641159275
0.28650130546115293
0.32530881381278903
0.36658194199499977
0.41031365237726286
0.45649413503961067
0.5051091872433273
0.5561372994806789
0.6095440104522669
0.6652699146317247
0.7232019346977565
0.7830921438404517
0.8442651115512544
0.9040517250509259
0.941968885822271
0.896871017205718
0.8361880088496549
0.7748855852769582
0.7150688378910708
0.6572958245493349
0.6017756811329442
0.5486046609912661
0.49783348053461873
0.4494915329174445
0.4035970877655
0.36016211535067794
0.3191947809241399
0.28070083050192124
0.24468440965437166
0.2111485756941671
0.18009563640126464
0.15152738517670544
0.12544526766842734
0.1018504950590442
0.08074411091558537
0.06212702011817683
0.04599999425386123
0.03236366989034609
0.02121855106630345
0.012565019168402022
0.0064033476809811215
0.0027337178306276353
0.001556232264233241
0.0028709255136977244
0.006677771076245551
0.012976685326746
0.021767528359073536
0.03305010142820241
0.04682414010693098
0.06308930179727956
0.08184514614478224
0.10309110744471642
0.126826459172403
0.15305027151517112
0.18176136199043863
0.21295823604972167
0.2466390091619568
0.2828012949475738
0.32144203529259746
0.36255723533600775
0.40614154200098584
0.45218755510459735
0.5006846540885513
0.5516168858107856
0.6049588837941863
0.6606672426598713
0.7186599973787603
0.7787591357677003
0.8404854075411502
0.9019655879096788
0.9477438956035719
0.9022945888696585
0.840600396534587
0.7787024413222791
0.7184732654632139
0.6603796677171425
0.6045915955878887
0.551185960186697
0.5002028467336592
0.45166532248928426
0.40558767249346483
0.36197926062621927
0.32084651254614077
0.28219400820426166
0.24602511657012566
0.21234237904594508
0.18114774825491148
0.15244274131529897
0.1262285416229171
0.10250606829230771
0.08127602292582221
0.06253891753214968
0.04629508493150568
0.032544675376692
0.02128765330058617
0.012523822544841384
0.006252902968738937
0.002474634127519832
0.0011888437784729003
0.0023954596612119307
0.00609450384634676
0.012286099754647855
0.02097046631509544
0.03214785705517358
0.04581845871693501
0.061982310561816224
0.08063927347291416
0.10178902982573679
0.12543108696967395
0.151564770867979
0.18018920697933305
0.2113032879581772
0.24490562492702006
0.2809944733514683
0.3195676169815864
0.36062218304127663
0.4041543445559887
0.4501588311899289
0.49862809586985535
0.5495508172141566
0.6029090116909519
0.6586719357173778
0.7167815758820901
0.7771119196676024
0.8393226597949828
0.9020628604554303
0.9528195894688297
0.9035260666582337
0.8406537972872551
0.778277351966463
0.7178019512067186
0.659566734800788
0.603693588359002
0.5502372676370898
0.4992261587945499
0.45067652399290753
0.40459839551394977
0.3609983306396935
0.31988082414736246
0.2812490863369815
0.24510549505865167
0.21145186717573672
0.18028962304945798
0.15161988465859516
0.12544353289433205
0.10176124266924014
0.08057351019485949
0.06188068177367131
0.04568298697541352
0.03198057312207462
0.020773535352085343
0.01206193785173213
0.005845825129366492
0.002125224876036302
0.0009001448472638518
0.002170565695977944
0.005936430716597239
0.012197632799223493
0.02095399906256604
0.03220527498265046
0.04595111226866386
0.06219106692698829
0.08092461284107233
0.10215116892753694
0.12587012661459895
0.15208085764786866
0.18078268722087235
0.21197483044558596
0.24565630001668504
0.2818257923720406
0.3204815494821846
0.36162117713093367
0.4052413783868228
0.4513375259729272
0.4999029295919513
0.5509275040111714
0.6043951751544292
0.6602783567767714
0.7185246881342818
0.7790193448116974
0.8414469567987539
0.9045097363614022
0.9547014161395321
0.9015576136384151
0.8382027947482401
0.7757223912803398
0.7152460502060564
0.6570521371396673
0.601241936078551
0.5478613200104662
0.49693421027697987
0.44847437100160326
0.40249031737205193
0.3589876183672808
0.3179700807383101
0.27944040436250317
0.2434005683224581
0.20985207079240845
0.1787960839753536
0.15023355466548693
0.12416526533687804
0.10059186448404162
0.07951387578507711
0.06093169922481918
0.044845617254453095
0.031255812287176075
0.020162392465418465
0.011565417568048459
0.005464918260098903
0.0018609061908224007
0.0007533757325364358
0.0021422991363985655
0.006027616398738572
0.012409220530303675
0.021286939326633746
0.032660516897651606
0.04652960186801717
0.06289375164205004
0.08175245828641128
0.10310518883035323
0.1269514186298006
0.15329063483974137
0.1821223012268629
0.2134457921818875
0.2472603091843039
0.2835647862001764
0.3223577781958831
0.3636373133421997
0.4074006727390033
0.45364403362055117
0.5023618552873409
0.5535457589271878
0.6071823366692118
0.6632484591197777
0.7216999164968404
0.7824387478456688
0.8451911167404593
0.9087862209862203
0.9591609850299869
0.9023441554998208
0.8384039194953866
0.7757112794450111
0.7151295216650545
0.6568750663508442
0.6010275020616381
0.547623135050211
0.4966809988074503
0.4482120930987756
0.40222324921552793
0.35871894837690277
0.31770225585485024
0.27917533473552086
0.24313974467600993
0.209596624750023
0.17854681202652095
0.1499909247095885
0.12392942656666926
0.10036268170515183
0.07929100250845295
0.06071468773741716
0.04463404388344411
0.03104938444633401
0.019961010411511257
0.011369184719998553
0.005274114623627551
0.0016759479375278122
0.0005747808096476937
0.0019706716357866705
0.005863656918933323
0.01225376650829095
0.021141035596927697
0.032525509119703505
0.04640723286703716
0.06278622821669302
0.08166245524315595
0.10303577695163844
0.12690593723747057
0.1532725559120627
0.18213513373480403
0.21349305570121263
0.24734558170108836
0.2836918162635502
0.32253065008563764
0.36386066323567634
0.40767997128887273
0.4539859771518373
0.5027749526786655
0.5540412883047772
0.6077760400763457
0.6639638350243778
0.7225754089132773
0.7835462217279068
0.8466968191438435
0.9112627597470226
0.9674356319391559
0.9078926487738191
0.8431452749977587
0.7800119890852909
0.7191108078421543
0.6605922224457115
0.6045108614870367
0.5508914548487218
0.49974689858473137
0.4510846157827832
0.4049092030018609
0.361223670881148
0.3200300795773887
0.28132988642743717
0.24512414560169288
0.21141362717023227
0.18019889104051343
0.15148033585729445
0.12525823468865546
0.10153276448435869
0.08030403375302622
0.06157211199669953
0.04533706324879145
0.0315989810253674
0.020358012027107703
0.011614351092921195
0.005368205890126921
0.0016197560795370204
0.00036913437254640905
0.0016164354358763108
0.005361742274026846
0.0116051563049538
0.020346815392880684
0.031586882447467574
0.04532550000082817
0.061562734410340596
0.08029854416188463
0.10153278240891345
0.1252652173778852
0.15149555201385223
0.18022343469799704
0.21144845993444894
0.24517015899084285
0.2813879789040807
0.3201012462214651
0.3613091092473033
0.4050104477303604
0.45120372875936965
0.4998867659664776
0.551056290999825
0.6047071302133552
0.6608304672681797
0.7194097037882008
0.780408794228439
0.843729887049237
0.9089739980991484
0.9714579590190913
0.9107272695873716
0.8454391500338169
0.7820262172834381
0.720935438347389
0.6622687795251434
0.6060621402190574
0.5523314800779124
0.50108502241752
0.45232746136580404
0.4060616872024501
0.36228958708700854
0.3210124527769245
0.2822312036497214
0.2459465159020353
0.21215890119526293
0.1808687566747328
0.1520763975673111
0.1257820777755521
0.1019860013493146
0.08068832776360542
0.061889175023462556
0.045588624412761666
0.031786728252622715
0.02048351907768415
0.011679017538218744
0.005373237348969894
0.0015661871825048248
0.0002578702779932315
0.001448282578827965
0.0051374098834616405
0.011325224213544082
0.020011679594876423
0.031196707790982287
0.044880215137216725
0.061062082070428715
0.07974216645145916
0.10092030980415999
0.12459634296089833
0.15077008647321002
0.17944134284391594
0.21060988068683292
0.2442754124570511
0.280437566226827
0.3190958491018958
0.3602495963280685
0.4038978952721432
0.4500394645298235
0.4986724497048883
0.5497940556044582
0.6033998331498958
0.6594821642874796
0.7180266285311924
0.779001676686048
0.8423206359684438
0.9076214174433951
0.9702406732796605
0.9077583524686592
0.8424074991750299
0.7790519160032295
0.7180496948920327
0.6594842505413884
0.6033852842091665
0.5497660978262547
0.498633581061213
0.4499916806470203
0.40384283045932107
0.3601886171373356
0.31903011920564933
0.2803680923634908
0.24420307678529077
0.21053546299666925
0.17936553558851928
0.15069350565807454
0.12451953784700487
0.10084377364076469
0.07966634886961953
0.06098740179607473
0.04480707053775846
0.03112548345937917
0.019942749133331578
0.011258950893020711
0.005074146967870606
0.0013883742818308058
0.00020165345251400228
0.0015139933459762142
0.005325394470505072
0.01163585098516027
0.020445351166148946
0.03175387605437232
0.045561396031804036
0.06186786558032043
0.08067321749465958
0.10197735863239456
0.1257801686765683
0.15208150111186713
0.18088118332907016
0.21217901239750392
0.24597474443937772
0.28226807684502736
0.321058622293222
0.3623458713386321
0.4061291361007247
0.4524074601701024
0.5011794653870063
0.5524430743044402
0.6061949691467042
0.6624294341313685
0.7211355509422738
0.7822891077503972
0.8458220944052912
0.9114369158260337
0.9744782004783504
0.9094519826882762
0.8437834916520077
0.7802844015506192
0.7191857308755314
0.660543297905085
0.6043773622378379
0.5506971103046233
0.49950734425803694
0.4508108370266739
0.4046093132673861
0.36090391059269106
0.31969541731207884
0.2809844038619451
0.2447712990540967
0.21105643533550164
0.1798400755754835
0.1511224286338335
0.12490365827023249
0.10118388814595669
0.07996320455982646
0.06124165869345562
0.045019271024891304
0.03129603991838248
0.020071953073033017
0.011346997533918596
0.005121164804851831
0.0013944509169051735
0.00016685346889562587
0.0014383676246909512
0.005208982105716391
0.011478675518366285
0.020247413192767977
0.03151514487936193
0.04528180382281864
0.06154730768564139
0.08031156151900175
0.1015744623475379
0.12533590363926816
0.1515957766112262
0.18035396553298141
0.21161033612732255
0.24536471812346386
0.2816168833965184
0.3203665196037845
0.36161319621473365
0.40535631549733664
0.4515950343849565
0.5003281307750318
0.5515537606724332
0.6052689861724125
0.6614687735488978
0.7201435970824014
0.781272659758733
0.8447991399710874
0.9104888042468727
0.9754338450629619
0.9117499412471416
0.8460522737009164
0.7824777235625765
0.7212957458668852
0.6625676794429902
0.606315181696876
0.5525479199331563
0.501270897092622
0.4524869811379231
0.4061979448718706
0.36240495072430373
0.32110880034109596
0.282310074632696
0.24600921872106696
0.21220659662739585
0.18090252686009284
0.15209730332745588
0.12579120284633302
0.10198447957390175
0.08067734750922236
0.06186995511237998
0.045562361300548866
0.031754526851001295
0.020446332205038723
0.01163761777016502
0.005328227010575875
0.0015180322546135656
0.00020693668931758626
0.0013948578381416422
0.005081700667515951
0.01126732745609355
0.01995153342628012
0.031134042219445206
0.044814534495053585
0.060992705337316315
0.0796683211295389
0.10084124354368829
0.12451141300651147
0.15067880721659763
0.1793433935199966
0.210505085722809
0.244163707963305
0.28031896331636497
0.31897040124721726
0.3601173744185178
0.4037589705056192
0.44989389611955466
0.49852027175755015
0.5496352545424176
0.6032343007675988
0.6593095940424827
0.7178462689414681
0.7788116656582157
0.8421157877717095
0.9073827411799866
0.9698694487152878
0.9080385958583503
0.842763739381527
0.7794309208570842
0.7184351370203569
0.659868562008381
0.6037641414045645
0.5501367019581562
0.49899396590547707
0.4503403835318326
0.4041787157918717
0.3605107718210842
0.319337784596206
0.28066061593071984
0.24447987556750203
0.21079599584377087
0.17960928375814297
0.15091996195591398
0.12472820366953428
0.10103416206579624
0.07983799151397396
0.06113985762340279
0.04493993504367454
0.03123839608621361
0.02003539650847425
0.011331064759857257
0.005125497829115513
0.0014187632187357432
0.00021090474943112985
0.001501950011351701
0.005291918195636244
0.01158082772040423
0.020368703027974215
0.03165557916110961
0.045441501725270735
0.061726519775535234
0.08051067125405352
0.10179396436332713
0.12557636075468098
0.1518577651120116
0.18063802179000218
0.21191691582192182
0.24569417415742806
0.2819694625536254
0.32074237314960596
0.36201239694948645
0.40577887340408925
0.45204090396234475
0.5007972035251876
0.5520458331844093
0.6057836822355743
0.6620053614997115
0.7207005191417233
0.7818460797697474
0.8453769140703175
0.9110068429297733
0.9742522407777665
0.9092341674268738
0.843578139058586
0.7800913515884726
0.7190042351100495
0.6603726909129201
0.6042171067641952
0.5505467740046197
0.4993665738703276
0.4506793376131904
0.40448683158618975
0.3607902205146353
0.3195903052947936
0.28088765296483664
0.2446826707863964
0.2109756497184446
0.17976679085993946
0.15105622273004957
0.12484401399838321
0.10113018431455212
0.07991471521430063
0.06119756395780865
0.0449786850543118
0.03125806403713998
0.020035758771735974
0.011311922991222993
0.005086780600145169
0.0013605609025567915
0.00013344972302780137
0.001405589955836469
0.005177116499902045
0.011448191286468078
0.020219005707142922
0.03148973681866588
0.0452604870860523
0.06153125799447737
0.08030196870581965
0.1015724910394619
0.12534267603111188
0.1516123669359695
0.18038140284176743
0.2116496170673297
0.24541683201588976
0.2816828501641309
0.3204474397660179
0.36171031302240225
0.40547109292898953
0.4517292614485755
0.5004840738005073
0.5517344061864343
0.6054784622158191
0.6617131497273084
0.7204325851027683
0.7816238387971001
0.8452512776472275
0.9111657943605053
0.9773984269303763
0.9117829023525872
0.8458706858378173
0.7822242252944562
0.72101023987605
0.6622670145834625
0.6060081642262176
0.5522398052172696
0.5009651220080107
0.45218595008045825
0.4059034280995301
0.36211830121976557
0.32083107535354893
0.2820421015690207
0.24575162594973046
0.21195982230086266
0.18066681656451522
0.1518727068082836
0.12557757926239266
0.10178151901518226
0.0804846140760569
0.061686953319486516
0.04538862090973205
0.03158969055268222
0.02029022193494373
0.01149025997634052
0.005189836234743486
0.0013889714000301276
8.767803125740972e-05
0.001285963092568892
0.0049838301592163145
0.011181281312994108
0.019878318733168174
0.031074945840747978
0.04477116761460557
0.06096698948051044
0.07966241420343716
0.10085743673505823
0.12455203794304535
0.15074617898084383
0.17943979790232933
0.2106328087771525
0.24432510183960848
0.2805165421562107
0.3192069641758351
0.360396159693075
0.4040838562455116
0.4502696807468827
0.49895309761611784
0.5501332979179315
0.603808985097491
0.6599779191297053
0.718635818477282
0.7797732193339403
0.8433638138196594
0.9092956583847471
0.9759845658634206
0.9094262825208181
0.8434965878071125
0.7799030637054017
0.7187616091191523
0.6600992168962259
0.603925561923868
0.5502450140765602
0.4990598579876179
0.450371415391646
0.4041805095761837
