0.9975000560856535, -1.405637488538811e-05, 9.101837548005417e-06
0.9925001683626398, -4.218217878823005e-05, 2.7314365166248876e-05
0.9850003367781728, -8.436748854586776e-05, 5.4638417223099874e-05
0.9750005605834133, -0.00014050571763152985, 9.10322824822081e-05
0.9625008375660321, -0.00021028442803588374, 0.0001363604262629244
0.9475011632598916, -0.0002930566956380129, 0.00019033271849883194
0.9300015305637027, -0.0003877317782617096, 0.0002524518518993054
0.9100019302412072, -0.0004927396282054469, 0.00032199401291370866
0.8875023523605896, -0.0006061079324222477, 0.00039804091757093764
0.862502788062897, -0.0007256395353445604, 0.00047955848852417325
0.8350032308031474, -0.0008491285828343843, 0.0005654951428301842
0.8050036766474783, -0.0009745440978931208, 0.00065486823652922
0.7725041238274034, -0.0011001376292527677, 0.000746819368128097
0.7375045720215075, -0.0012244680069636992, 0.0008406347253157089
0.7000050217350339, -0.0013463608137109534, 0.0009357366890065018
0.660005473927228, -0.0014648295656439533, 0.0010316566877515967
0.6175059298783094, -0.0015789836877948514, 0.001127999052275489
0.5725063912338495, -0.0016879398833062093, 0.0012244032429514899
0.5250068601801865, -0.0017907426629954588, 0.0013205084340090255
0.4750073397514828, -0.001886289782044396, 0.0014159207527853239
0.42250783433518846, -0.0019732501737510775, 0.0015101798434533219
0.36750835055213277, -0.0020499537423503906, 0.0016027175088734896
0.3100088989271373, -0.0021142179470471246, 0.0016927951961235308
0.2500094974152304, -0.002163040064924242, 0.0017793936756524348
0.18751017997829678, -0.0021919788287537924, 0.0018609901526222626
0.12251102235929275, -0.002193680140323449, 0.0019350245332899387
0.055012253350528714, -0.0021532173045687372, 0.0019962103785364344
-0.014984641186761502, -0.0020209571311575665, 0.0020267026980005207
-0.08251421850305792, -0.001510715194237849, 0.0019176403061775841
-0.14754432046836413, -0.0009532775785212722, 0.001788689784845676
-0.21007449745819534, -0.000378749405151186, 0.0016506271926504709
-0.27010468521294523, 0.00020115914834109626, 0.0015075770171464385
-0.32763487471303293, 0.0007800491075700948, 0.001361753909687246
-0.3826650698689852, 0.001353800516242873, 0.0012145616458941765
-0.43519527805889824, 0.0019194882858137373, 0.0010669855093234377
-0.48522550740969284, 0.0024748961961291896, 0.0009197677771418854
-0.532755765923665, 0.0030182660432394033, 0.0007734987662069163
-0.5777860611977448, 0.003548155441776158, 0.0006286708286775658
-0.6203164003499902, 0.004063352048194627, 0.00048571659413536197
-0.6603467900251807, 0.004562819412844502, 0.0003450433956990309
-0.697877236445788, 0.00504566068778418, 0.00020707149430050092
-0.7329077455183662, 0.005511091043115442, 7.228012860909183e-05
-0.7654383230270382, 0.005958412083051313, -5.873917120528471e-05
-0.795468974947224, 0.006386983991734898, -0.0001852283375257376
-0.8229997078858511, 0.00679619460481618, -0.0003062196974645715
-0.8480305295917034, 0.007185428872128076, -0.00042051973042925593
-0.8705614493919428, 0.007554045652504364, -0.0005267338778563954
-0.8905924783450473, 0.007901369134660876, -0.0006233382457837558
-0.9081236289323363, 0.00822669806836273, -0.0007087893197553834
-0.9231549142825641, 0.008529328908408927, -0.0007816470193879005
-0.9356863471618989, 0.008808583160875707, -0.0008406786956069516
-0.9457179390885103, 0.009063828642516192, -0.000884918819834622
-0.9532496998368609, 0.00929448910941205, -0.00091367807698969
-0.9582816373666017, 0.009500042973939072, -0.0009265145763220946
-0.9608137580246311, 0.009680015714477718, -0.000923188959370153
-0.9608460668164188, 0.009833971117866977, -0.0009036235282244031
-0.9583785675896714, 0.009961505044809759, -0.0008678786023432903
-0.9534112630518791, 0.0100622435156503, -0.0008161521119781994
-0.9459441546202211, 0.010135845167302517, -0.0007488023934300605
-0.9359772421798032, 0.010182006358824382, -0.0006663881823488058
-0.9235105239070966, 0.01020046521008672, -0.0005697127931949081
-0.9085439963682251, 0.010190999199723149, -0.00045985275770808395
-0.8910776550577096, 0.010153411196001792, -0.0003381495559012426
-0.8711114953617447, 0.01008750247679438, -0.00020615184859328466
-0.8486455136920056, 0.009993037664116283, -6.551417823161338e-05
-0.8236797084211012, 0.009869711675345559, 8.212317580759648e-05
-0.796214080359106, 0.009717128634023544, 0.00023524122495874615
-0.7662486327493585, 0.009534796866952338, 0.00039251162185289227
-0.7337833709559419, 0.009322136532151165, 0.0005528193047414157
-0.6988183020755661, 0.00907849158414715, 0.0007152439979450189
-0.6613534346601726, 0.008803137437856098, 0.0008790144504083065
-0.6213887786549671, 0.008495278476174, 0.0010434506523549685
-0.5789243455938389, 0.008154032835575415, 0.0012079056388356697
-0.5339601490736502, 0.007778403641897012, 0.001371712532854575
-0.48649620555728734, 0.007367235142826718, 0.0015341363540755301
-0.4365325356421178, 0.006919148703750236, 0.0016943248196817553
-0.38406916611177155, 0.00643244662591942, 0.0018512473506735855
-0.32910613347957735, 0.005904958136594984, 0.002003604150902808
-0.2716434906892833, 0.005333771909913149, 0.002149670857804714
-0.2116813214089044, 0.004714721542693063, 0.002286999749501204
-0.14921977626485292, 0.004041244943895829, 0.002411755757389093
-0.08425919407354836, 0.0033012238630124703, 0.0025168733243890857
-0.016800803069050047, 0.0024636000168502016, 0.0025842439320209205
0.05311585712225382, 0.001225088983507611, 0.0024366678756708553
0.12053368282613025, -6.943353624149547e-05, 0.002237237042937144
0.18545158268019896, -0.001363835418032508, 0.002018551836428462
0.24786955699162466, -0.0026415880271457373, 0.0017901155807185146
0.30778765953914566, -0.003894547314858588, 0.0015565358586667366
0.3652059404187687, -0.005117742127252927, 0.001320567681764081
0.42012444166526386, -0.006307748075066469, 0.0010840655882969714
0.4725431985139026, -0.007462014969830479, 0.0008483792598847185
0.5224622409759777, -0.008578538751915018, 0.0006145484778451451
0.5698815950407828, -0.00965568415728502, 0.00038341213473350893
0.6148012834718787, -0.010692084638135547, 0.00015567737629426014
0.6572213262182808, -0.011686589729352945, -6.802906737957869e-05
0.6971417404272684, -0.012638248237765184, -0.000287115415263987
0.7345625400386927, -0.01354632251767603, -0.0005009788641264963
0.7694837350009487, -0.014410329104657074, -0.0007089570521091631
0.8019053302799185, -0.01523009636919891, -0.0009102789899342284
0.831827324994472, -0.01600582308131461, -0.0011040214745257893
0.8592497121258927, -0.01673811559864705, -0.0012890805802297884
0.8841724792232646, -0.01742797818256028, -0.001464170426618086
0.9065956103002217, -0.018076733149372592, -0.001627861621257378
0.9265190886953085, -0.018685859753820037, -0.0017786662758290388
0.9439429001830827, -0.019256768795817985, -0.0019151611293510718
0.9588670353853207, -0.019790569746987043, -0.002036117092200836
0.9712914908232212, -0.020287910431004964, -0.0021405889814930467
0.9812162686125763, -0.020748942620274942, -0.002227933507554003
0.9886413753050205, -0.021173402256091687, -0.0022977607392269785
0.9935668204569045, -0.021560745376683045, -0.0023498524996146573
0.9959926153382068, -0.021910280061269344, -0.0023840823746690137
0.9959187720060041, -0.02222126055740062, -0.0024003574136600273
0.9933453028509477, -0.022492932538212086, -0.002398588441278067
0.9882722206875111, -0.022724527741054944, -0.002378690480946888
0.9806995394722628, -0.022915206649368924, -0.0023406145937655285
0.9706272757474106, -0.023063948694008546, -0.0022844120095201863
0.9580554508401359, -0.023169400647168777, -0.0022103247025601585
0.9429840936048862, -0.023229721007756443, -0.002118879954544878
0.925413243043744, -0.023242488637392533, -0.0020109472837473376
0.9053429497096883, -0.023204740890767326, -0.0018877168453876967
0.8827732749346663, -0.023113146988701278, -0.0017505938155875376
0.8577042878915749, -0.02296424791032961, -0.0016010488919494439
0.830136061621893, -0.022754671342487823, -0.0014404798791085834
0.8000686695216305, -0.022481264761566366, -0.001270118997788924
0.7675021833245341, -0.02214113591476426, -0.0010909925927501912
0.7324366729263169, -0.021731617195345474, -0.0009039234054151018
0.6948722078806387, -0.021250178549606723, -0.0007095607873509227
0.6548088601730366, -0.02069431161528078, -0.0005084252973888057
0.612246707914151, -0.020061401100024384, -0.00030095726274399033
0.5671858398340025, -0.01934858988949206, -8.756272283102972e-05
0.5196263608572996, -0.01855263312195617, 0.0001313457966465339
0.46956839960201063, -0.017669723955087844, 0.00035531236331537674
0.4170121195215254, -0.016695258187991825, 0.0005837996185017161
0.36195773709624485, -0.01562347940214241, 0.0008161406133443723
0.30440555436998495, -0.01444689241811775, 0.0010514645635335677
0.24435602357383557, -0.013155199115006736, 0.0012885642180286338
0.18180989488776206, -0.011733125696414682, 0.0015256249678601496
0.11676863412203128, -0.010155147908853555, 0.0017595659738619102
0.049236129375383186, -0.008368337556557302, 0.0019838951408431434
-0.020764543353900447, -0.006185217655711044, 0.002175276603489713
-0.08838948155292944, -0.003231748575843963, 0.002255089324376979
-0.1535163099256205, -0.00018528897451440193, 0.002306616740387689
-0.21614320154981614, 0.002865143255190155, 0.0023408100355366626
-0.27627033196519746, 0.005883540547042624, 0.0023620549074673527
-0.3338980251315574, 0.008849954918842804, 0.0023727539637634692
-0.38902657717761363, 0.011751464892494571, 0.0023744485818273436
-0.44165624034037604, 0.01457886872059563, 0.0023682294054611823
-0.49178722903093397, 0.017325182183088983, 0.0023549225948501407
-0.5394197277288106, 0.019984855981459045, 0.0023351873262159335
-0.584553897467403, 0.02255332749984048, 0.0023095736797318664
-0.62718988071527, 0.02502674572522603, 0.0022785628999661273
-0.667327804985494, 0.027401793021622337, 0.002242601913415576
-0.7049677855545607, 0.02967556347158557, 0.0022021391244219
-0.7401099276497145, 0.0318454740902614, 0.002157664641893219
-0.7727543284294756, 0.03390919378740053, 0.00210975365478433
-0.8029010790063931, 0.03586458076323244, 0.002059106661496177
-0.8305502665979693, 0.037709624703785395, 0.002006575837491611
-0.8557019766345683, 0.03944239626122828, 0.0019531650270960786
-0.8783562943940841, 0.04106101109806461, 0.0018999940202916322
-0.898513305664496, 0.042563615903248454, 0.0018482273051687772
-0.9161730962169008, 0.04394839740351261, 0.0017989813783955582
-0.9313357504128804, 0.04521360564645879, 0.0017532359593113965
-0.9440013496915, 0.04635757698454865, 0.001711774532366555
-0.954169971641315, 0.04737874497528422, 0.001675166693244225
-0.9618416899279123, 0.04827563601409165, 0.001643787221889229
-0.9670165748969094, 0.04904685404623431, 0.0016178556416092463
-0.9696946944785428, 0.04969106127994933, 0.0015974790181838702
-0.9698761150665214, 0.050206960452694877, 0.0015826859933100266
-0.9675609021794842, 0.050593281641079325, 0.0015734461117184538
-0.9627491208320594, 0.05084877454408481, 0.0015696727045234379
-0.9554408356253141, 0.050972205809216235, 0.001571210059958161
-0.9456361106437166, 0.050962359756155574, 0.0015778077504862787
-0.9333350093504263, 0.05081803923430682, 0.0015890881394048835
-0.9185375947968184, 0.05053806145006283, 0.001604517446397769
-0.9012439305210754, 0.05012124273949441, 0.0016233943066521754
-0.881454082367274, 0.04956636860221925, 0.0016448684880825556
-0.8591681210643466, 0.04887215164352248, 0.0016679933903347127
-0.83438612497054, 0.048037187196679425, 0.0016918018868982863
-0.8071081822795672, 0.04705991838214291, 0.0017153844867832959
-0.7773343923516505, 0.04593861647142906, 0.0017379487322166114
-0.7450648664179934, 0.0446713727293468, 0.001758848193082602
-0.7102997283118624, 0.043256091182573536, 0.0017775813248406746
-0.673039115940346, 0.041690470985923066, 0.00179376864570847
-0.633283184062684, 0.039971970065630386, 0.0018071193158540292
-0.5910321088221351, 0.038097744540153765, 0.001817396554381696
-0.5462860945657828, 0.036064558301966664, 0.0018243875737388013
-0.49904538388872566, 0.03386865290067051, 0.0018278796676197671
-0.4493102727067892, 0.03150555838043628, 0.0018276408411391349
-0.39708113389241395, 0.028969807665434073, 0.0018234011347320243
-0.3423584566899812, 0.02625448096069641, 0.0018148288547052787
-0.2851429178834266, 0.023350426077102852, 0.0018014924167770695
-0.22543552466236022, 0.02024479547195275, 0.001782788916606524
-0.16323794824731527, 0.016917922847876608, 0.001757790220786284
-0.09855351195950106, 0.013335189445706322, 0.001724839453348218
-0.031391741810607415, 0.009416782565927286, 0.0016800456635175333
0.03815456594131368, 0.004748090844644746, 0.001602800735677512
0.10521790989246362, -0.00021131910583653633, 0.0015062251257085386
0.16978126130969373, -0.0051671254353315875, 0.0014047155253685247
0.2318456759883984, -0.010050044734807122, 0.0013015756788358121
0.2914122845687142, -0.014828251740361266, 0.0011982616103742099
0.34848194180028913, -0.01948303446815884, 0.0010955876055237133
0.4030553005525162, -0.02400182984752286, 0.0009940725102815496
0.4551328773840638, -0.02837546912202948, 0.0008940771624827726
0.5047150946802317, -0.032596866514241395, 0.0007958702399104246
0.5518023073710431, -0.036660314506084216, 0.0006996648599759694
0.5963948202557324, -0.04056107227278114, 0.0006056430497327554
0.6384928994123338, -0.04429511223553819, 0.0005139770889151224
0.6780967796262757, -0.04785896062999883, 0.0004248536695538764
0.7152066689529506, -0.051249598879051006, 0.00033850509375838394
0.7498227511610593, -0.05446440628266371, 0.0002552499272741853
0.7819451866920297, -0.05750113039616552, 0.00017554319420587633
0.811574112762166, -0.060357874084984095, 0.00010003353890693756
0.8387096432199693, -0.0630330900179497, 2.9622339631886154e-05
0.8633518687180783, -0.0655255749911606, -3.4482171852595955e-05
0.88550085771489, -0.06783445729816144, -9.072477779236566e-05
0.9051566588604597, -0.06995916920064449, -0.00013718983189437488
0.922319305433865, -0.07189939326366228, -0.00017163338921922686
0.9369888224453072, -0.0736549691240183, -0.00019158458581551335
0.9491652363127805, -0.07522575443794534, -0.00019453085716094503
0.9588485854279546, -0.07661145828819214, -0.00017816411099202346
0.9660389284109177, -0.07781149689588684, -0.0001406114622921823
0.9707363473887007, -0.0788249242672222, -8.056101676686966e-05
0.9729409465184599, -0.07965044607638701, 2.742493143324904e-06
0.9726528486621385, -0.08028647297179038, 0.00010957073989672257
0.9698721934924679, -0.08073115666197064, 0.0002397617237324249
0.9645991388603815, -0.08098237705267877, 0.00039268751583307506
0.9568338651777707, -0.08103768766713891, 0.0005671438391396117
0.9465765803650964, -0.08089426500737222, 0.0007612372028153225
0.9338275214940823, -0.08054892370735298, 0.0009723865010455874
0.9185869505028597, -0.07999822357243185, 0.0011975037548005274
0.9008551452708764, -0.07923862616735422, 0.0014332928492190738
0.8806323902457404, -0.07826662922804448, 0.001676536194107947
0.8579189701091414, -0.07707883837265174, 0.0019242837951090825
0.8327151674829901, -0.07567197805977909, 0.0021739362662550697
0.8050212640348259, -0.07404286162762498, 0.002423251613304682
0.7748375440289177, -0.07218833800632175, 0.002670306901999144
0.742164299691737, -0.07010522483103782, 0.0029134353836937203
0.7070018381623329, -0.06779023135886975, 0.003151151116001435
0.6693504901144239, -0.06523987076261835, 0.003382068693708172
0.6292106204207937, -0.0624503587857112, 0.003604823189478031
0.5865826416150614, -0.05941749280055937, 0.0038179926476393216
0.5414670315577217, -0.05613650054396923, 0.004020021663761709
0.4938643578626176, -0.052601839663590715, 0.00420913979241297
0.4437753137259244, -0.048806915133466966, 0.004383262594685532
0.39120077386220387, -0.044743655633445234, 0.004539854428390436
0.3361418879878935, -0.04040183708564666, 0.004675715691239444
0.27860025034881575, -0.03576792124301188, 0.004786620093436129
0.2185782420389315, -0.030822867291281565, 0.004866630928804431
0.15607983705997489, -0.025537433254954722, 0.004906630073163526
0.09111302105247532, -0.019859838062553956, 0.004890445395702834
0.023701212529258858, -0.013669249535695302, 0.00478018927257377
-0.04590895629465648, -0.006326089339785797, 0.004371955740884234
-0.11304994198524097, 0.001367957326768171, 0.0037904786269381163
-0.17769174401289564, 0.009032697209250568, 0.003152237692190141
-0.23983684106422692, 0.016572026405443748, 0.00248685968010172
-0.29948777699252627, 0.023941113812737343, 0.0018081390420227883
-0.35664647323384324, 0.03111344224629521, 0.0011241983575291555
-0.4113143981033538, 0.038071159575023696, 0.0004404746372881638
-0.46349271365209244, 0.044801219107802354, -0.00023908280538271088
-0.5131823702092742, 0.051293529754740726, -0.000911436705544902
-0.560384166569897, 0.05753995690009034, -0.0015741497538707214
-0.6050987893323284, 0.0635337351460489, -0.002225199779592975
-0.6473268393170795, 0.06926910169173864, -0.0028628627046980576
-0.687068849560268, 0.07474105852143041, -0.003485635200318348
-0.7243252974109617, 0.07994521620497859, -0.004092183937436988
-0.7590966121854853, 0.08487769345461539, -0.0046813161434837965
-0.7913831793614364, 0.08953505635109224, -0.0052519696029808514
-0.8211853423259515, 0.0939142839881434, -0.005803219669394795
-0.8485034031460263, 0.09801274556947683, -0.006334296537160831
-0.8733376244409736, 0.10182817062762795, -0.00684459986504263
-0.8956882345948051, 0.10535859412608725, -0.00733369445183725
-0.915555437493795, 0.10860226759000674, -0.007801275687159633
-0.9329394256457205, 0.11155754634905748, -0.008247108033641605
-0.9478403932659477, 0.11422278078528546, -0.008670955613512629
-0.9602585455797481, 0.11659624134404739, -0.009072528575511203
-0.9701941025563652, 0.11867609043642613, -0.009451458688667948
-0.9776472978896062, 0.12046039312851753, -0.009807302078958996
-0.9826183754628579, 0.12194714743821518, -0.010139557640180782
-0.9851075854691385, 0.12313431635411408, -0.010447689108895479
-0.9851151815982724, 0.1240198504447475, -0.010731142714240775
-0.9826414200340204, 0.12460169567031075, -0.010989356059935436
-0.9776865607091362, 0.12487778355303505, -0.011221755659578603
-0.9702508712581586, 0.12484600107656993, -0.011427740729126522
-0.9603346341129294, 0.12450413782243468, -0.011606650942020081
-0.9479381568066846, 0.1238498109605867, -0.011757718067077321
-0.9330617843682038, 0.12288037775736974, -0.01188000800079913
-0.9157059107055102, 0.12159285962409128, -0.011972370415483848
-0.8958709842877159, 0.11998391184286998, -0.01203342118934936
-0.8735575044493309, 0.11804986286090752, -0.01206157590640048
-0.8487660090990397, 0.11578681271830069, -0.01205512774716513
-0.8214970596521747, 0.1131907454076572, -0.012012337254999086
-0.7917512304562928, 0.11025760404892014, -0.01193149686123352
-0.7595291071910396, 0.10698330124934856, -0.011810950633084738
-0.7248312947267459, 0.10336366586788431, -0.011649071637821256
-0.6876584325765427, 0.09939434256561741, -0.011444211131133185
-0.6480112159790572, 0.09507066000766504, -0.01119463388122486
-0.6058904220145422, 0.09038747416909163, -0.010898447613491563
-0.5612969421893222, 0.08533898082614941, -0.01055352674284896
-0.5142318254325724, 0.07991847776531025, -0.010157423370430992
-0.46469633898302865, 0.07411804026368217, -0.009707251507856412
-0.412692060774308, 0.06792804628181892, -0.009199520992352038
-0.35822102945439555, 0.06133643538559586, -0.008629879714246797
-0.30128600712664894, 0.05432747022916653, -0.00799268301592948
-0.24189098580166393, 0.04687948525714472, -0.0072802099262056445
-0.18004230293024676, 0.038960297109309955, -0.0064810616805030296
-0.11575165062985492, 0.030516107747107855, -0.005576277111190131
-0.04904761667590965, 0.021435801485590066, -0.004526771138150256
0.01992384165612318, 0.011340162415318102, -0.0031981845725899613
0.08670491431762666, 0.00012602915482225197, -0.0014210655547198723
0.15098716340525636, -0.011092786771045797, 0.00043259638769468835
0.212775735405434, -0.022134473317734667, 0.0023003922095557877
0.2720770466875084, -0.032924367519716245, 0.004156580476671335
0.3288957678549932, -0.043420879956868816, 0.005986817577957575
0.3832353578379629, -0.05359697780248857, 0.007781797630334662
0.4350984908918334, -0.06343335929116536, 0.009534898390194127
0.48448731530911093, -0.07291534312927224, 0.011241104841740112
0.531403611531883, -0.08203124366076325, 0.01289644539122629
0.5758488929327507, -0.09077143566801339, 0.014497667046212977
0.6178244732066844, -0.09912777357180244, 0.016042034757821077
0.6573315139656067, -0.10709320500857042, 0.01752720114454943
0.6943710607460049, -0.1146614939520645, 0.018951119625326862
0.7289440726652289, -0.12182700461439111, 0.020311987056686614
0.7610514490400296, -0.12858451740335947, 0.021608208549181548
0.7906940547563946, -0.1349290616997856, 0.02283837986770645
0.8178727448124609, -0.14085576081692802, 0.024001282879550515
0.8425883872080072, -0.14635969331554952, 0.025095887953855166
0.8648418821820141, -0.1514357823398463, 0.02612135522313162
0.8846341745551753, -0.15607873155560437, 0.027077025186944898
0.9019662546163945, -0.1602830323541364, 0.027962389061167714
0.916839142542337, -0.16404306678097763, 0.028777032126724597
0.9292538543009055, -0.16735331077326537, 0.029520552093795303
0.9392113555263837, -0.17020859377061165, 0.030192469762353777
0.9467125198708073, -0.17260431989703767, 0.03079216133340775
0.9517581086771767, -0.1745365623772599, 0.031318834505332266
0.954348775480561, -0.1760020206604852, 0.031771545033348725
0.9544850841814205, -0.17699790731147183, 0.03214923032049188
0.9521675260578825, -0.1775218464966272, 0.03245073688609333
0.947396526479498, -0.1775718317143704, 0.032674831150244874
0.9401724401642833, -0.17714624668662382, 0.032820195476049314
0.9304955407764205, -0.1762439168759813, 0.032885419658177234
0.9183660154184194, -0.17486413510070034, 0.0328690014979463
0.9037839744186791, -0.17300660651059513, 0.03276936670506673
0.8867494798090243, -0.1706712953914635, 0.03258490770470638
0.8672625860908081, -0.16785820785624336, 0.032314029328297654
0.8453233820029772, -0.16456717063625798, 0.03195518533409899
0.8209320244952644, -0.16079765369255541, 0.03150689437598733
0.7940887616989416, -0.1565486549444979, 0.030967731777750307
0.7647939459260642, -0.151818642326083, 0.03033629968471864
0.7330480396364547, -0.14660553730608122, 0.029611181892056127
0.6988516178756992, -0.14090672042730484, 0.028790891015387413
0.6622053708299644, -0.13471903894914367, 0.027873814413813747
0.6231101102217464, -0.1280387975445322, 0.026858161498512424
0.5815667834029856, -0.12086171438183642, 0.025741909894243558
0.5375764994249443, -0.11318282540978218, 0.024522742837586747
0.4911405726280354, -0.10499631679040566, 0.0231979656669559
0.44226059244257376, -0.09629525536224187, 0.02176438389682064
0.39093853516189303, -0.08707116316081959, 0.02021811552042406
0.3371769490949213, -0.07731333013992414, 0.01855428848426254
0.2809792812116253, -0.06700764242286207, 0.01676652349563065
0.22235051013556406, -0.056134411532066955, 0.014845972920146853
0.16129855318887618, -0.04466383647776201, 0.01277930531377315
0.09783813930800245, -0.03254459525926873, 0.010543618762871364
0.032006471300387876, -0.019664366031104906, 0.008088726565253642
-0.03596530902881526, -0.0055645900190176515, 0.005206488029396242
-0.10148485903723352, 0.008931160827166029, 0.002041812979281779
-0.16451409371427766, 0.023207932465187285, -0.0011422954625981393
-0.22506778874784789, 0.03713773134724779, -0.004290163316595959
-0.28315498635718933, 0.05066417362571436, -0.007377253653287643
-0.338781605385404, 0.06375478250667688, -0.010389495504888237
-0.391951861399164, 0.07638800239864707, -0.013317618072329826
-0.44266895376337906, 0.08854820323184578, -0.01615496025317571
-0.4909354280329249, 0.10022334557084453, -0.0188964420601217
-0.5367533834667111, 0.11140374147550991, -0.021538016526772452
-0.5801246000764574, 0.12208133459259521, -0.024076351060559838
-0.6210506206167098, 0.13224925259128406, -0.026508631573118707
-0.6595328055360149, 0.14190151442846138, -0.028832440057557758
-0.6955723705277908, 0.15103283202878906, -0.03104568185745546
-0.7291704120998277, 0.1596384732228977, -0.033146550587576804
-0.7603279245151485, 0.16771416621802163, -0.03513352312982801
-0.7890458105840519, 0.17525603234771414, -0.03700537761263904
-0.8153248885060462, 0.18226053688544616, -0.0387612263108713
-0.8391658968192652, 0.18872444946511024, -0.04040055497804215
-0.8605694992594504, 0.1946448073186755, -0.041923260877986576
-0.8795362910014786, 0.20001887628161857, -0.043329682345049726
-0.8960668076242708, 0.20484410577011283, -0.044620610198961276
-0.9101615383978945, 0.2091180743466198, -0.045797263366678644
-0.9218209457898434, 0.21283842309849615, -0.04686119955943346
-0.9310454921777621, 0.21600277779192806, -0.04781412900452291
-0.9378356711660163, 0.2186086701371335, -0.04865762733400122
-0.9421920358036063, 0.2206534788449405, -0.049392807343953626
-0.9441152151203948, 0.22213440882389307, -0.050020052309638095
-0.9436059172802521, 0.22304850791735173, -0.05053886467755407
-0.9406649252071773, 0.2233927055833128, -0.05094778837243849
-0.9352930896017878, 0.22316386333724972, -0.051244351128240384
-0.9274913172881215, 0.22235883724297303, -0.0514250701667928
-0.9172605506848919, 0.22097454504281766, -0.05148563297434066
-0.9046017417236377, 0.21900801279924173, -0.051421268445102766
-0.8895158309268665, 0.21645637947285404, -0.05122716031131366
-0.8720037393280751, 0.2133168625941494, -0.05089874043260294
-0.852066372820465, 0.2095867033944944, -0.05043181688839024
-0.8297046345430055, 0.2052631062124665, -0.0498225807212876
-0.804919441580454, 0.20034317786306852, -0.04906754836723508
-0.7777117441590005, 0.19482386705213448, -0.04816347638287516
-0.7480825468411686, 0.18870190217493235, -0.047107265224563696
-0.7160329318831598, 0.18197372556648025, -0.04589585811264847
-0.6815640853941674, 0.17463542155795403, -0.044526136897843654
-0.644677327658305, 0.16668263364077182, -0.042994815162425065
-0.605374150172443, 0.1581104625469279, -0.041298326625620115
-0.5636562637330116, 0.14891333225736492, -0.03943270301487261
-0.5195256645286666, 0.139084804404624, -0.03739342966690599
-0.4729847294331798, 0.12861731132805823, -0.03517525876552851
-0.42403635941721735, 0.11750175962476712, -0.03277194705287266
-0.3726842055485004, 0.10572691953763962, -0.03017586081862402
-0.3189330461640018, 0.09327843784251788, -0.027377340597040795
-0.2627894663919197, 0.08013713206611318, -0.02436360076327234
-0.20426321942733847, 0.06627575594828267, -0.0211166319579176
-0.14337040984541832, 0.05165198884081108, -0.017608624157146306
-0.08014302015893816, 0.03618974728183672, -0.013789656021975818
-0.01467443494613016, 0.01970717239288798, -0.009539454181592633
0.052035667962012144, 0.0013293298113451896, -0.004232562137989505
0.11625950850960703, -0.017109840514060004, 0.0013287672895767105
0.17800824800678983, -0.03519705263229432, 0.006889637746492092
0.23730316778230756, -0.05281204781194972, 0.012374482309879935
0.29415764782755327, -0.0698964506067318, 0.017746518876989952
0.3485807452122239, -0.08641502194325107, 0.022983599456107756
0.40057906170352797, -0.10234372651777826, 0.028070697295346343
0.4501576858302591, -0.11766483685559931, 0.0329968041275411
0.4973207079074875, -0.13236454840038842, 0.0377534108757939
0.5420715240463764, -0.1464316741993416, 0.04233367198274775
0.584413028086156, -0.15985686511149874, 0.04673190339377314
0.6243477407633383, -0.17263210808809318, 0.05094325779180717
0.6618779026310893, -0.18475037950147086, 0.05496350025932056
0.6970055454917633, -0.19620538829001571, 0.058788845032813945
0.7297325499377169, -0.2069913752731914, 0.0624158340004706
0.7600606914456913, -0.2171029554878764, 0.06584124887404683
0.7879916738033955, -0.22653500422051337, 0.06906205442921196
0.8135271470764568, -0.23528259369522184, 0.07207537082892689
0.8366687087095193, -0.2433409837975082, 0.07487846999592526
0.857417890575005, -0.25070565736766987, 0.07746878659609417
0.8757761397329885, -0.25737237539771274, 0.07984393151547343
0.891744802876207, -0.2633372210079717, 0.08200169707891902
0.905325121809767, -0.2685966097546385, 0.08394004853661785
0.9165182414603263, -0.2731472622154218, 0.08565710277265863
0.9253252267726397, -0.2769861504934801, 0.08715109946447955
0.9317470830047396, -0.2801104355603121, 0.08842037072110158
0.9357847749729835, -0.28251740882189874, 0.0894633135945997
0.9374392428661537, -0.28420444480912027, 0.0902783676158722
0.9367114139406021, -0.2851689667255724, 0.09086399782615671
0.9336022103125429, -0.2854084238971243, 0.09121868293049665
0.9281125533638377, -0.2849202793221759, 0.09134090795930722
0.9202433653143159, -0.2837020054608747, 0.09122916084136427
0.9099955685859636, -0.28175108623396344, 0.09088193225654435
0.8973700839086793, -0.27906502231638763, 0.09029771780444366
0.8823678287906039, -0.2756413349735325, 0.08947502074446292
0.8649897188625315, -0.27147756135077156, 0.08841235239430602
0.8452366752025497, -0.2665712327712537, 0.08710822616948999
0.8231096402676517, -0.26091982941738634, 0.08556114108550304
0.7986096030001499, -0.2545207109974523, 0.08376955219902059
0.7717376306357914, -0.24737103162228516, 0.08173182890052363
0.742494902529039, -0.23946765282280524, 0.07944620564700844
0.7108827417058535, -0.23080706663412867, 0.07691073129375185
0.6769026429863005, -0.2213853312185147, 0.07412322128175014
0.6405563007234576, -0.2111980098929926, 0.07108121233381987
0.60184564256009, -0.20024009621364558, 0.06778191415806818
0.5607728775088611, -0.1885059043697715, 0.06422214859165726
0.5173405681428553, -0.17598890250921745, 0.06039826353639729
0.47155173980608134, -0.16268146147216267, 0.05630600514292717
0.4234100473387542, -0.14857447661534637, 0.05194032388384839
0.3729200365553176, -0.1336567870861745, 0.04729507327658318
0.32008757430191814, -0.11791424593887131, 0.042362523315098204
0.2649206066511398, -0.10132813501866064, 0.037132526572077884
0.2074306320323148, -0.08387221741423123, 0.03159096128363787
0.14763599390935872, -0.06550653727796231, 0.025716442141957795
0.08557103816914094, -0.04616169377615323, 0.019471927026873805
0.021323961771833752, -0.02568384331706428, 0.012775035218469833
-0.04452928294642128, -0.003461213699960941, 0.005286961373779539
-0.1079014346447653, 0.01896096776561244, -0.002434257246363797
-0.16881277927876548, 0.040950623157315805, -0.010069744964855985
-0.22729906990524198, 0.062355328638757784, -0.01754107829541209
-0.2833807837683417, 0.08310577644187776, -0.02481251795577065
-0.33707112454248944, 0.10316150538818936, -0.031863275810284086
-0.388379436076479, 0.12249546136200819, -0.038679554507492164
-0.437312783166195, 0.1410879343561396, -0.04525140145702822
-0.4838767722035712, 0.15892369077112284, -0.0515712118245863
-0.5280760177681544, 0.17599043918125545, -0.05763292338091486
-0.5699144280109305, 0.19227793160430995, -0.06343154428763553
-0.6093953909750507, 0.2077773953538875, -0.06896285799629323
-0.6465219049065889, 0.222481145511539, -0.07422322958456776
-0.6812966770350849, 0.23638229735376357, -0.07920947267031557
-0.7137222052177286, 0.249474533867995, -0.08391875208513541
-0.7438008500449559, 0.2617519060473873, -0.08834850577327372
-0.7715348991592147, 0.27320866114890596, -0.09249637552389178
-0.7969266198528928, 0.28383910914419563, -0.09636014294024377
-0.8199782910176698, 0.29363754915035706, -0.09993767460006554
-0.8406922033886356, 0.3025982808165634, -0.1032268860227759
-0.8590706215431592, 0.31071571206258397, -0.10622573359394918
-0.875115715007933, 0.31798453900579904, -0.10893223440275938
-0.8888294841650451, 0.3243999302293389, -0.11134449985528354
-0.9002137140719728, 0.3299576336004426, -0.1134607612037264
-0.9092699744879856, 0.33465396458360863, -0.11527937232343029
-0.9159996584302471, 0.3384856998664014, -0.11679879088526732
-0.9204040366963401, 0.34144993472571356, -0.11801754929404211
-0.9224843084891787, 0.34354395352962097, -0.11893422639274781
-0.9222416384528692, 0.34476513650444085, -0.11954742552873678
-0.9196771783180991, 0.345110906258286, -0.11985576005340921
-0.9147920746587637, 0.34457870961041587, -0.11985784528526262
-0.9075874648254687, 0.3431660291307237, -0.11955229545594231
-0.8980644633006238, 0.3408704185804614, -0.11893772385548618
-0.8862241421818867, 0.337689553134154, -0.11801274338146021
-0.8720675128252547, 0.33362127750487897, -0.1167759627884061
-0.855595519499733, 0.3286636261336843, -0.1152259722318265
-0.8368090564509492, 0.3228147882557444, -0.11336131278530306
-0.8157090133079289, 0.31607300561046175, -0.11118043064821503
-0.7922963417539741, 0.3084364185349527, -0.10868162577745416
-0.7665721267673975, 0.299902898996489, -0.10586300984371863
-0.7385376458806833, 0.29046990989552757, -0.1027224840207262
-0.7081944090888738, 0.2801344100680898, -0.09925773518916846
-0.6755441831862279, 0.26889279947093025, -0.09546623795979345
-0.6405890113716237, 0.2567408825071963, -0.09134524617519649
-0.6033312408437188, 0.2436738221419261, -0.08689176120250335
-0.5637735702392772, 0.2296860587614482, -0.08210247033984673
-0.5219191282299722, 0.21477116969778787, -0.07697365174432405
-0.47777159683842546, 0.19892164318976305, -0.07150103970406715
-0.43133540046599855, 0.18212852974348667, -0.06567963503881097
-0.3826159984075929, 0.1643809073493146, -0.05950342836693509
-0.33162035456518374, 0.14566503973276085, -0.05296497242992323
-0.2783577392731503, 0.12596298065675554, -0.0460546739833821
-0.22284122280371715, 0.10525007312468848, -0.03875951857458863
-0.16509082303694883, 0.0834899488847623, -0.031060503560650557
-0.10514149229429814, 0.060622782017839466, -0.022926564202351993
-0.043070869113191544, 0.03652949755199125, -0.01429588142521917
0.02080952912215462, 0.010853343315131384, -0.004980189494082007
0.08249413401169135, -0.01585416515600425, 0.004939489213351224
0.14172243265432025, -0.04210846846223139, 0.01475350477724928
0.19855831111266217, -0.06767262100219433, 0.024343874233107812
0.25303582570757643, -0.09245264053395587, 0.03366358650149915
0.30517583507821705, -0.11639704822726595, 0.042686950694254655
0.3549926153896388, -0.13947268580406177, 0.05139751267625582
0.40249670954294775, -0.16165599733217986, 0.059783672196914925
0.44769633559250765, -0.18292911435212472, 0.06783670604144794
0.4905981601862891, -0.20327783386774076, 0.07554974323333108
0.5312077578452621, -0.22269046794573966, 0.08291717988583405
0.5695298994701702, -0.24115714319865705, 0.0899343212436632
0.6055687398900835, -0.2586693553882957, 0.09659715218941589
0.6393279408816342, -0.2752196813121009, 0.10290218586260282
0.6708107505371439, -0.29080159403419326, 0.10884636173007485
0.7000200532890353, -0.30540934662155617, 0.11442697413526824
0.7269584029326306, -0.319037896325047, 0.119641617016953
0.7516280506087494, -0.33168284304146445, 0.12448813417746596
0.774030978475587, -0.34334035849466527, 0.12896456917597302
0.794168946167078, -0.35400708972368317, 0.1330691143719793
0.8120435509990286, -0.36368003318089637, 0.13680006295308597
0.8276562958491409, -0.37235639118298364, 0.14015576914161118
0.841008653611403, -0.38003343426476843, 0.1431346200487076
0.8521021168744182, -0.38670839449053096, 0.14573501938566824
0.8609382264351171, -0.3923784043973352, 0.14795538041000134
0.8675185796036151, -0.39704048007930837, 0.14979412422107105
0.8718448249050967, -0.4006915342388971, 0.15124967982103543
0.873918651618927, -0.40332840080844806, 0.152320483503245
0.8737417813983835, -0.40494785534258876, 0.15300497635231203
0.8713159670302114, -0.4055466202407666, 0.1533015995223829
0.866643001661038, -0.40512134774780373, 0.15320878746004027
0.8597247407317464, -0.40366857614814877, 0.15272495949845533
0.8505631375802917, -0.40118465745580584, 0.15184851041224615
0.8391602907955632, -0.39766566124626956, 0.15057780061316953
0.825518495925443, -0.39310727116783045, 0.14891114655512677
0.8096402873947531, -0.3875047049962405, 0.14684681143730172
0.7915284537420559, -0.38085269423013673, 0.14438299558479295
0.7711860168027305, -0.37314554184773757, 0.14151782559035397
0.7486161822920857, -0.3643772400198654, 0.1382493419293314
0.7238222842915967, -0.3545415982180375, 0.1345754856333937
0.6968077488515466, -0.34363232874897576, 0.13049408425507852
0.6675760930962144, -0.33164305809756095, 0.12600283540064694
0.6361309644929372, -0.3185672587957896, 0.12109928393481836
0.602476217232336, -0.30439811299631453, 0.11578078810505088
0.5666160209586956, -0.28912832218000883, 0.11004447030624637
0.5285550006925579, -0.2727498702687178, 0.10388714855197978
0.48829841466284707, -0.25525373334347645, 0.09730524325185161
0.44585238874837685, -0.23662950989177814, 0.09029464951025233
0.4012242442620647, -0.21686491929934654, 0.08285055683813741
0.35442298643496656, -0.19594507516888596, 0.07496718330942893
0.30546008132504704, -0.17385136309897506, 0.06663736259974422
0.2543507842904459, -0.15055958730996416, 0.05785186104710274
0.20111662730270513, -0.1260366517728149, 0.048598154566991125
0.14579069325046906, -0.10023394023837595, 0.03885798934329205
0.08843108507723589, -0.07307189519749743, 0.028601702052774184
0.02916795677572885, -0.04439423190014698, 0.01777138303673483
-0.03148125281767162, -0.013769283249304466, 0.006208357801028699
-0.08988430936649855, 0.01788773964658718, -0.005728324032450473
-0.14584324929169626, 0.04905635657542582, -0.017470703160219446
-0.19944961162324126, 0.0794363597528561, -0.028907358528799165
-0.2507542842263384, 0.10890578436966908, -0.03999319901898621
-0.2997888997911014, 0.13739753293398915, -0.05070355238676862
-0.3465752480549522, 0.16486839326867153, -0.06102264961563911
-0.39112947469299314, 0.19128770321872923, -0.07093941012460035
-0.433464194556008, 0.2166322264588771, -0.08044553307583628
-0.473589664304787, 0.24088349786188037, -0.08953450575039851
-0.5115144833391331, 0.2640263108092805, -0.09820103755895952
-0.547246036903763, 0.2860477926962644, -0.10644071666189908
-0.5807907876539367, 0.30693680924912714, -0.11424979651065897
-0.6121544722215112, 0.32668356497738243, -0.12162506705143925
-0.641342234923169, 0.34527932673178574, -0.12856378644334743
-0.6683587186887521, 0.3627162270700643, -0.13506365734206488
-0.6932081277032485, 0.37898711932473256, -0.14112283313965449
-0.7158942739327273, 0.3940854642697793, -0.14673993775558059
-0.7364206184412939, 0.4080052332924362, -0.15191408038498044
-0.7547903167152641, 0.42074081749203357, -0.15664484583450253
-0.7710062744217725, 0.43228693714529653, -0.1609322427453534
-0.7850712160395297, 0.44263855129233964, -0.16477659746685475
-0.7969877635539301, 0.45179077208397345, -0.16817839331581846
-0.8067585162851861, 0.4597387919127697, -0.17113807516395008
-0.8143861183610634, 0.46647783139684346, -0.17365586132934172
-0.8198733017780491, 0.47200311146132695, -0.17573161125637235
-0.8232229020418568, 0.4763098448761046, -0.17736477523046237
-0.8244378546496288, 0.47939323709402126, -0.17855441276718453
-0.8235211863661784, 0.4812484869431511, -0.1792992371992268
-0.8204760131843717, 0.48187078314610754, -0.17959764007706186
-0.8153055505298903, 0.4812552986433668, -0.17944766411736998
-0.8080131341414698, 0.4793971883699225, -0.1788469182108035
-0.7986022434044707, 0.4762915957833518, -0.1777924605974771
-0.7870765146099074, 0.4719336676276745, -0.17628071137846754
-0.7734397342341113, 0.46631856645630343, -0.17430746759829158
-0.7576958142160409, 0.4594414638769223, -0.17186805327621346
-0.7398487646573049, 0.451297502522998, -0.16895756042507454
-0.7199026823936873, 0.44188172819829735, -0.1655710912392272
-0.697861765630366, 0.43118900334023974, -0.16170392905966058
-0.673730355095141, 0.41921391301859506, -0.15735161267014516
-0.6475129978526092, 0.4059506688502066, -0.1525099232108816
-0.6192145306445016, 0.3913930095719903, -0.14717480611292033
-0.5888401825741387, 0.3755340916067107, -0.14134225110419582
-0.5563957006160088, 0.358366358737835, -0.13500814925334828
-0.5218875058474225, 0.3398813762380695, -0.1281681394604023
-0.48532289434621084, 0.3200696102524959, -0.12081744796270714
-0.44671030588328264, 0.29892012595511913, -0.11295071375113556
-0.4060596986794195, 0.276420164719002, -0.10456178067942715
-0.36338309555117726, 0.25255453542323925, -0.09564342219723754
-0.31869541913808164, 0.22730470630410604, -0.08618694189619067
-0.2720158439418576, 0.20064738481534133, -0.07618154951912354
-0.22337014706655342, 0.17255215670424945, -0.06561331605567551
-0.17279520122283568, 0.1429772329158499, -0.054463275819808726
-0.12034877881375078, 0.11186091266638178, -0.042703586164122065
-0.06613567114883917, 0.07910165486332996, -0.030288473437534588
-0.01040514225896437, 0.0445008210818867, -0.017127686021928663
0.04576166246723992, 0.007630127816603688, -0.003014322458050221
0.09946880834270894, -0.029629024262833807, 0.011320802436328584
0.15078395030599073, -0.06620068594546463, 0.02541997344033974
0.1998236304167018, -0.10180097867981303, 0.039160374707879086
0.2466556455524597, -0.1363034889087661, 0.05248714700011193
0.29132366356432504, -0.16963590259776878, 0.06536895801877038
0.3338584413401079, -0.20175068657664472, 0.07778529725076998
0.37428309654930064, -0.23261372097823982, 0.08972152633942286
0.41261585928866673, -0.2621989804464083, 0.10116655575972368
0.4488716403922071, -0.2904857131791358, 0.11211160957883227
0.4830629895571833, -0.317456804400544, 0.1225495064353249
0.5152007146884939, -0.3430977603378767, 0.13247420892862916
0.545294302861881, -0.36739604185166674, 0.14188052017044936
0.5733522215502204, -0.3903406052083521, 0.15076386210268125
0.5993821471895489, -0.4119215689799027, 0.15912009838650512
0.6233911501998243, -0.4321299583050934, 0.16694538164361114
0.6453858536142173, -0.45095749689351877, 0.1742360169971366
0.6653725729320494, -0.46839643062712955, 0.18098834349401582
0.6833574361769681, -0.4844393776745093, 0.18719864283732712
0.6993464752132679, -0.49907920952639656, 0.19286309103200083
0.7133456734407714, -0.5123089742947894, 0.19797777166152136
0.725360954923421, -0.5241218748174821, 0.20253876460042117
0.7353981122051324, -0.5345113044523562, 0.20654230325671513
0.7434626965768177, -0.543470921318476, 0.20998495728945596
0.7495599201632417, -0.5509947195913468, 0.21286377046885568
0.7536946161808132, -0.5570770574390121, 0.215176299811244
0.7558712675956877, -0.5617126301335981, 0.21692055815693798
0.7560940776701124, -0.5648964078682668, 0.2180949082550088
0.7543670463732737, -0.5666235672319734, 0.21869796022750515
0.7506940290307704, -0.5668894362673167, 0.21872850116402845
0.7450787698347885, -0.5656894599911805, 0.21818546202296082
0.7375249143330582, -0.5630191835662706, 0.21706791279855692
0.7280360123074389, -0.5588742438662403, 0.21537506958374839
0.716615527229277, -0.5532503557582563, 0.21310629363177178
0.7032668694609521, -0.5461432782130635, 0.21026106371783324
0.6879934646000574, -0.5375487499798511, 0.20683891172912686
0.6707988558247612, -0.5274623951969628, 0.20283932657115322
0.6516868255921435, -0.5158796110439852, 0.19826164618284303
0.63066151566584, -0.5027954552570956, 0.1931049631774288
0.6077275289496251, -0.48820454755345516, 0.1873680633392513
0.5828900089310655, -0.47210098829877817, 0.18104940216511992
0.556154706067122, -0.454478285964026, 0.17414711047942585
0.5275280497044241, -0.435329276895641, 0.16665901191632584
0.4970172476383912, -0.41464601792530315, 0.15858263433187458
0.4646304355723033, -0.39241963224539045, 0.1499152013880108
0.4303768998220655, -0.3686400881206433, 0.14065359546237044
0.39426740315498726, -0.3432958846472468, 0.13079428543113528
0.35631466066652234, -0.31637360495543876, 0.12033321108488586
0.31653404819613035, -0.2878572690281611, 0.10926560887667923
0.2749446976509519, -0.2577273634387236, 0.09758574894318428
0.23157128587132994, -0.2259593148095681, 0.08528652409852697
0.18644717774634614, -0.19252093303091003, 0.07235876963960337
0.13962051886465807, -0.1573677678749797, 0.05879004802873175
0.09116779827210172, -0.12043371956306392, 0.04456225244843369
0.041231108321869665, -0.08160910340680957, 0.0296462794408449
-0.009835523650848547, -0.04068097155308806, 0.01398973048419409
-0.06044048770216883, 0.0025897731589047193, -0.002407782524630822
-0.10855271027034172, 0.045753023777940834, -0.018648181186002998
-0.15439501296321312, 0.08795811070425233, -0.03446503988744727
-0.19810685692757685, 0.1289538270168965, -0.04978333231955172
-0.2397678510216421, 0.16862285195410406, -0.06456879757156983
-0.27942938912691123, 0.2068965745716735, -0.07880171672987296
-0.31712778913434, 0.24372935054072983, -0.09246916125130325
-0.35289042292689904, 0.27908816981918333, -0.10556192252467751
-0.3867389273332271, 0.312947716688986, -0.11807305596392968
-0.41869104442643235, 0.34528771032375694, -0.12999710071777643
-0.44876175286572695, 0.3760913439905297, -0.14132962241567096
-0.4769640037768236, 0.4053443059200998, -0.15206692681815043
-0.5033092219757788, 0.43303413121841533, -0.16220587231657077
-0.5278076594497174, 0.45914975436929684, -0.17174374498020212
-0.5504686491257031, 0.4836811918397454, -0.1806781764124701
-0.5713007856728846, 0.5066193163859245, -0.18900709140514416
-0.5903120493577899, 0.5279557014914561, -0.19672867388288034
-0.6075098856573068, 0.5476825209697969, -0.2038413396095833
-0.6229012548636526, 0.5657924882062605, -0.2103437058448667
-0.6364926685716844, 0.5822788161098527, -0.21623455305277484
-0.6482902291738979, 0.5971351784046213, -0.22151278035503336
-0.65829968183776, 0.610355659262519, -0.22617736124012133
-0.6665264784225333, 0.6219346893701058, -0.23022730667391222
-0.6729758452908168, 0.6318669757061073, -0.2336616397672777
-0.6776528457326407, 0.6401474348450987, -0.23647938210367608
-0.6805624314675575, 0.6467711363786822, -0.23867954894612184
-0.6817094825981209, 0.6517332580875916, -0.24026114949891603
-0.6810988387822094, 0.6550290508511083, -0.24122318865775272
-0.6787353258376159, 0.6566538096337503, -0.24156466738240462
-0.6746237822779988, 0.6566028465576752, -0.24128457935991018
-0.6687690902309612, 0.6548714622258678, -0.2403819017823422
-0.6611762151047208, 0.6514549117327578, -0.23885557799739857
-0.6518502578667477, 0.6463483623943795, -0.23670449001935187
-0.6407965218443374, 0.6395468418643806, -0.2339274203070467
-0.628020591332463, 0.631045178785824, -0.2305230058290482
-0.613528412067655, 0.6208379432353389, -0.22648969329806035
-0.5973263573951708, 0.6089193981293304, -0.2218257099374012
-0.5794212657988614, 0.5952834704281228, -0.2165290637456896
-0.5598204497206294, 0.5799237399324113, -0.21059757709601334
-0.538531695758451, 0.5628334293505395, -0.20402894190374776
-0.5155632880910257, 0.5440053725494038, -0.19682077445437168
-0.4909240829213246, 0.5234319427173696, -0.18897065008323138
-0.464623648545324, 0.5011049325384889, -0.18047610854030624
-0.43667247547556987, 0.47701538550873696, -0.1713346314408796
-0.4070822609626812, 0.45115337690196866, -0.16154359825789427
-0.37586628287141044, 0.42350773513608, -0.15110022655780883
-0.34303989794254575, 0.39406568109518986, -0.14000149788960986
-0.3086212309409304, 0.3628123439377446, -0.12824406498392696
-0.27263217377563864, 0.3297300822913651, -0.1158241292876048
-0.23509991277293002, 0.29479748724339233, -0.10273726914343989
-0.19605941026224122, 0.2579878406863638, -0.08897818493993374
-0.1555577498844756, 0.2192665847224253, -0.07454030241373327
-0.11366252193832227, 0.17858685915232805, -0.05941513084055878
-0.0704803288218804, 0.13588093250571376, -0.04359122480567128
-0.02620661015832823, 0.091042350024057, -0.027052930172565052
0.018690309406982582, 0.04389492278653301, -0.00978603652123854
0.06253633184167182, -0.005450289060239651, 0.008042424607957739
0.10390427987775998, -0.05459053828861643, 0.025611776493671128
0.1430883072339474, -0.10262192513946938, 0.04268021452290419
0.18027524320257465, -0.14926120023951467, 0.05917974934156778
0.21557359160211165, -0.19437582095874095, 0.07508039684785352
0.2490538497790418, -0.23788870791825334, 0.09036541710859679
0.28076594637062036, -0.2797489296989144, 0.10502409687512039
0.31074751942319345, -0.31991990627704736, 0.11904894785823021
0.33902829304524235, -0.3583737756189758, 0.13243440535020756
0.36563260009116816, -0.39508836645608225, 0.1451761469873186
0.39058093801344945, -0.43004542427807174, 0.15727070707161014
0.41389098122869333, -0.46322949938009356, 0.1687152496733759
0.43557826865142946, -0.4946272103080218, 0.17950743755921048
0.45565668703161527, -0.5242267320550387, 0.18964536550161554
0.4741388209585279, -0.5520174248355849, 0.19912753913462164
0.49103621414893517, -0.577989554525817, 0.20795288319718536
0.50635957197155, -0.6021340764454861, 0.21612076053213752
0.5201189253470097, -0.624442467816361, 0.2236309793713156
0.5323237675131829, -0.6449066042929168, 0.23048376472717957
0.5429831667874746, -0.663518682606177, 0.2366796735134335
0.5521058521316555, -0.6802711923520098, 0.2422194458504331
0.559700267230247, -0.695156932572664, 0.24710380869992898
0.5657745948826731, -0.7081690543192714, 0.25133327616104506
0.5703367636690925, -0.7193010984078214, 0.25490800431248817
0.5733944546442714, -0.7285470008199469, 0.25782773926401253
0.5749551212784558, -0.7359010575480657, 0.26009185387542016
0.575026024917525, -0.7413578612808809, 0.2616994341844515
0.5736142795102862, -0.7449122304382743, 0.2626493713594642
0.5707268971446949, -0.7465591470513555, 0.26294043042864723
0.5663708278800377, -0.7462937120277848, 0.26257128497625665
0.5605529902779955, -0.7441111200351846, 0.2615405184208767
0.5532802917261181, -0.7400066522021619, 0.2598465981347193
0.5445596406124371, -0.7339756813554917, 0.2574878323648783
0.5343979564417515, -0.7260136801966165, 0.254462324019552
0.5228021887342973, -0.7161162182988919, 0.25076793890086446
0.5097793586663182, -0.7042789321622617, 0.24640230498975546
0.4953366355603245, -0.6904974573334243, 0.24136285056122994
0.479481452428175, -0.6747673227033956, 0.23564687440080434
0.46222165437463225, -0.6570838190435215, 0.22925162925401144
0.44356566688584714, -0.6374418597430899, 0.22217439688968013
0.4235226718072063, -0.6158358489322668, 0.21441253936497867
0.40210278680214456, -0.5922595632614727, 0.20596352020959188
0.3793172560022764, -0.5667060430139407, 0.1968248961008586
0.3551786717006825, -0.5391674793351904, 0.186994282976573
0.3297012573420755, -0.5096350784373518, 0.17646930163425278
0.30290125192142636, -0.47809887986579, 0.16524750771642338
0.27479744989733645, -0.44454750185534614, 0.15332630959074073
0.24541197717074334, -0.4089677787769085, 0.14070287468484036
0.21477143676446064, -0.3713442385472433, 0.1273740203492766
0.1829086656972867, -0.33165833349238905, 0.11333607960191218
0.14986557240201975, -0.28988727115232216, 0.09858472555652606
0.11569804345484158, -0.24600215981352924, 0.08311473300973854
0.08048523166826874, -0.1999649213800314, 0.06691966615372198
0.04434945590435889, -0.15172294819543508, 0.04999160395403886
0.007507188281909757, -0.10120041886188318, 0.03232196714227772
-0.02956020435486135, -0.048300127644090377, 0.013913705155087445
-0.06540377421823632, 0.006707542327004136, -0.005052421160994292
-0.09877279483858853, 0.06145886221447047, -0.02377178711056776
-0.13007054917835803, 0.11491651805490274, -0.041956092943581824
-0.15955121019192015, 0.1667700301075424, -0.059528112444934875
-0.18735901811795386, 0.21688110924727605, -0.07645554673736005
-0.21358604970972067, 0.2651720468661128, -0.09272099082976051
-0.2382966508493402, 0.31159277088647847, -0.1083135755164199
-0.2615388099138305, 0.35610801644354884, -0.12322584432210341
-0.2833500832106998, 0.39869134820592766, -0.13745234712549437
-0.30376097309425654, 0.4393220082180878, -0.1509889228808455
-0.322796994482015, 0.4779830961790901, -0.16383230129448276
-0.34048001331011013, 0.5146604426268183, -0.1759798681804362
-0.35682915840823626, 0.5493418690534775, -0.18742952092984122
-0.3718614751573726, 0.5820166750204606, -0.19817957563028785
-0.3855924200126093, 0.612675263240554, -0.2082287043782296
-0.3980362535674824, 0.6413088525081256, -0.21757589029177365
-0.40920636073791833, 0.6679092532104604, -0.22622039181259346
-0.41911550411894305, 0.6924686980613307, -0.23416170805614475
-0.4277760003862645, 0.7149797330295081, -0.24139953489826457
-0.43519980352532806, 0.7354351775902331, -0.24793370118066163
-0.44139848914776114, 0.7538281546478753, -0.2537640813668813
-0.44638316404643014, 0.7701521677550237, -0.2588904969700836
-0.45016436045679353, 0.784401179024793, -0.26331263499799407
-0.4527519832844892, 0.7965696393569857, -0.2670300107263264
-0.454155343966372, 0.8066524522719473, -0.27004198017385855
-0.45438326420486463, 0.8146448897779105, -0.2723477836256803
-0.4534442073079731, 0.820542494059927, -0.2739465947654228
-0.45134640157288936, 0.8243409905100334, -0.27483755885953853
-0.4480979390879652, 0.8260362222773941, -0.27501981517299906
-0.4437068478804406, 0.8256241059033733, -0.27449250583530105
-0.43818114205138353, 0.8231006032823206, -0.27325477565299805
-0.43152885650604017, 0.8184617043532775, -0.27130576732327805
-0.4237580735396453, 0.811703414991091, -0.2686446159524481
-0.41487694969931277, 0.8028217443276919, -0.2652704463537137
-0.4048937531450712, 0.7918126852350582, -0.2611823760585126
-0.39381692285271874, 0.778672181878535, -0.2563795256595043
-0.38165515933569655, 0.76339608031433, -0.25086103555131695
-0.36841755088289146, 0.745980062381627, -0.24462608496970178
-0.3541137312057624, 0.7264195680050889, -0.23767390750141665
-0.3387540583810787, 0.7047097134210494, -0.23000379909689306
-0.32234980556072534, 0.6808452107276488, -0.2216151197790467
-0.30491336180040735, 0.6548202886472574, -0.2125072951797939
-0.2864584528118176, 0.6266286089271709, -0.20267982489714956
-0.2670004018159977, 0.5962631700301216, -0.1921323010374007
-0.24655645867085982, 0.5637161893870563, -0.18086443539745173
-0.22514623439548198, 0.5289789550002778, -0.16887609122521133
-0.20279229435947416, 0.49204163401012335, -0.1561673169725439
-0.17952099460223964, 0.4528930185277412, -0.14273838453550686
-0.15536370403777083, 0.4115201768311677, -0.12858984245595503
-0.13035866599410184, 0.36790795945292004, -0.11372260658358449
-0.10455397642529728, 0.3220382816373059, -0.09813813308526739
-0.07801265014732943, 0.27388906406737434, -0.08183877157670011
-0.050821958099472236, 0.22343268493467866, -0.06482854466582384
-0.023112614500095646, 0.17063398351237355, -0.047115091717527584
0.004895279437886875, 0.11544988197055274, -0.028715538218923472
0.032755917677125136, 0.05785239196633087, -0.009680475563236007
0.05933228675414201, -0.0018515948871382915, 0.009758720415846585
0.08343318362416445, -0.061483342477436864, 0.028856128681202305
0.10556172537703228, -0.11971662652951098, 0.047317836526477315
0.1260717153031285, -0.17617453109976777, 0.06508793922457928
0.1451583782846941, -0.23070287981764995, 0.08215026044401706
0.16294307196415395, -0.28321997355385414, 0.09849862834912002
0.17950892323371218, -0.333675319544561, 0.11413032379503266
0.19491697812793196, -0.3820344642977366, 0.12904407221990155
0.20921442147375338, -0.4282722304514312, 0.1432392840582083
0.22243917557452259, -0.47236927056040123, 0.15671572626374858
0.23462266950073235, -0.5143101320970311, 0.16947337001835996
0.24579160465471064, -0.5540820879377282, 0.181512321502359
0.2559691313251722, -0.5916743873378559, 0.19283279750320217
0.2651756609960217, -0.6270777526349905, 0.20343512844940956
0.2734294460490407, -0.6602840258388532, 0.21331977978264408
0.28074701049206296, -0.6912859087370631, 0.2224873855456658
0.2871434879995368, -0.7200767621603571, 0.2309387877634472
0.2926329043477929, -0.7466504448172561, 0.2386750719167931
0.2972284247047999, -0.7710011838636374, 0.24569758323422605
0.3009425714321909, -0.793123478398267, 0.25200790385875316
0.30378740698201745, -0.8130120411303818, 0.2576077737031447
0.30577467174827616, -0.8306617799872763, 0.2624989546123086
0.3069158703335142, -0.8460678109394023, 0.26668306632018246
0.3072223108217596, -0.8592254822626743, 0.2701614458558803
0.3067051142448873, -0.8701303883670022, 0.2729350766042216
0.305375216585115, -0.8787783612968971, 0.2750045982729475
0.3032433800287507, -0.8851654421194439, 0.2763703721991804
0.30032021936965053, -0.8892878425671054, 0.2770325631778955
0.29661624098366735, -0.8911419072507286, 0.27699120846586184
0.2921418883286593, -0.8907240827098983, 0.2762462609472732
0.28690758794141275, -0.8880308956098182, 0.2747976056283657
0.2809237913255807, -0.8830589397524989, 0.27264505517922444
0.2742010101633379, -0.8758048696172638, 0.26978833410963776
0.2667498452835487, -0.8662653960104603, 0.2662270648641561
0.25858101426056057, -0.8544372770656291, 0.2619607723398885
0.2497053877948263, -0.8403172966419363, 0.256988922472931
0.24013404887481576, -0.8239022242015867, 0.2513110012101198
0.22987838849060674, -0.805188756088781, 0.24492662296597645
0.21895024690602294, -0.7841734449398426, 0.23783564181202477
0.20736210270573813, -0.7608526271378744, 0.23003823612558374
0.19512730618197216, -0.735222355944409, 0.22153495098410916
0.18226035088980475, -0.707278342793556, 0.21232670240659166
0.16877717842449474, -0.6770159049855968, 0.20241476106596898
0.1546955180737524, -0.6444299159856177, 0.19180073560712885
0.14003527615091207, -0.6095147536262, 0.1804865710006114
0.12481900952405137, -0.5722642404502261, 0.1684745718204813
0.1090725439262168, -0.5326715690587092, 0.1557674583011648
0.09282583287522021, -0.49072920437136214, 0.14236846625051355
0.07611420784032549, -0.4464287552489314, 0.1282815114213692
0.058980269570406654, -0.39976081212707276, 0.11351145799451266
0.04147686961614147, -0.35071476213684305, 0.0980645694426764
0.023672061592307267, -0.29927864334453413, 0.08194930652199721
0.005657913963094969, -0.2454392780798276, 0.06517785512037018
-0.012432268154098047, -0.1891836257081169, 0.047769398716280054
-0.030385752185843766, -0.13050553745861096, 0.029758349538083366
-0.04781062366235925, -0.06944143444962159, 0.011220515456932808
-0.06385261786368966, -0.006316049056844478, -0.0076152538119065374
-0.07743232583909011, 0.05705803108059895, -0.026097049260286054
-0.08908595103007166, 0.11899920044083181, -0.04388101105218363
-0.09931435491249647, 0.1790235886088804, -0.0609269389133406
-0.10838820980010876, 0.23695672709921886, -0.07723551244715239
-0.11647042251170946, 0.2927146857956039, -0.09281248591348763
-0.12366984966919975, 0.34624917038271263, -0.10766361328674803
-0.1300649675661168, 0.3975290046270002, -0.1217938811418134
-0.13571557201346562, 0.44653241200188937, -0.13520750373477683
-0.14066916594394618, 0.4932432877893906, -0.14790805181536204
-0.14496473052562947, 0.5376491945707651, -0.15989858915172087
-0.14863509208059925, 0.5797401921947101, -0.17118179575338976
-0.15170848074280813, 0.6195081083821525, -0.1817600796609383
-0.15420959640340565, 0.6569460585628802, -0.1916356815499458
-0.1561603602899732, 0.6920481155521362, -0.20081077225213503
-0.15758045937972184, 0.7248090754206601, -0.20928753699553618
-0.1584877521278633, 0.7552242900458108, -0.21706823499702244
-0.15889858188252293, 0.7832895492521502, -0.22415522266580332
-0.1588280306884055, 0.8090010005695039, -0.23055093556728617
-0.1582901362076229, 0.8323550955535921, -0.23625783690497051
-0.15729808552884914, 0.8533485516091662, -0.24127835205616083
-0.155864391064112, 0.8719783200401202, -0.24561481196138218
-0.15400104688107433, 0.8882415551061943, -0.2492694207446757
-0.15171966077543667, 0.9021355832850291, -0.2522442503900084
-0.14903155889533232, 0.9136578744914341, -0.2545412555651352
-0.14594786410726318, 0.922806017153361, -0.2561622985076484
-0.1424795536737154, 0.929577697856244, -0.25710917577136255
-0.1386375042905952, 0.9339706850325483, -0.2573836422200349
-0.13443253304601846, 0.9359828154920213, -0.2569874306413379
-0.1298754425112156, 0.9356119824223879, -0.2559222670281878
-0.12497707812802292, 0.9328561235825321, -0.25418988213556515
-0.11974840683152467, 0.9277132085800439, -0.2517920198057136
-0.11420062683834195, 0.920181224372913, -0.24873044219418738
-0.10834531741048782, 0.9102581586447838, -0.24500693195259157
-0.10219462967908946, 0.8979419817437456, -0.24062329250251172
-0.09576150059864244, 0.8832306294513417, -0.23558135089616675
-0.08905984480015589, 0.8661219900695308, -0.2298829734493451
-0.08210466418582195, 0.8466138983408094, -0.22353010872025256
-0.07491204134945786, 0.8247041348435525, -0.21652486840346705
-0.06749904744628032, 0.8003904257774326, -0.20886964170616687
-0.05988364796960581, 0.7736704387978317, -0.20056722215746045
-0.05208468980459928, 0.7445417752797046, -0.19162092098866298
-0.04412201517490479, 0.7130019632447643, -0.1820346512666852
-0.036016712909726085, 0.6790484553906061, -0.17181298414946056
-0.02779150476989193, 0.6426786347212342, -0.1609611940599067
-0.01947127245909134, 0.6038898290772474, -0.14948531896050304
-0.011083753254206524, 0.5626793372712166, -0.13739226592367032
-0.0026604677305895625, 0.5190444745576633, -0.12468999496753183
0.005762002261898172, 0.4729826555366644, -0.11138782200551338
0.01414017647402065, 0.4244915533586243, -0.09749690357492832
0.022420904333818614, 0.37356941935751736, -0.08303101689856361
0.030536945369836303, 0.32021575680326986, -0.06800786265151554
0.03839944324117861, 0.2644328387804984, -0.05245138511387076
0.045884017229991816, 0.20622947337173425, -0.03639630152867402
0.05280225444476573, 0.1456317522425008, -0.019898134043717115
0.058835639388777894, 0.08272076613752163, -0.003059611434050827
0.06337501288101215, 0.017808088208776662, 0.01388455030011769
0.06554110648085008, -0.04774338758717829, 0.030371022360822505
0.06577270674126115, -0.1119477879565141, 0.04602495414339543
0.06476751371207945, -0.17413844440140197, 0.060863301616673866
0.0628998363511503, -0.23411198842332143, 0.07493318745694176
0.06038475123872355, -0.2917848152425439, 0.08826988603837667
0.05736074451741101, -0.3471145277442248, 0.10089890242352523
0.053924923260864704, -0.4000764896202731, 0.11283932185588744
0.05014973190168664, -0.45065499803428627, 0.12410596274321235
0.04609177591716097, -0.49883936452630395, 0.1347106907782706
0.041796890909028495, -0.5446219546525862, 0.14466324174629314
0.03730325289261158, -0.5879971155025537, 0.15397175737270716
0.032643385498709994, -0.6289605460160064, 0.1626431508930889
0.02784550559684973, -0.6675089042241771, 0.17068337224368882
0.022934453254745506, -0.7036395474970271, 0.17809761716478337
0.017932355328928642, -0.7373503498949252, 0.1848905080470254
0.012859121735399878, -0.768639566027307, 0.19106626063403528
0.007732843234444212, -0.7975057258182778, 0.19662883771261044
0.0025701357064084763, -0.8239475538640544, 0.20158208030567742
-0.002613546742478167, -0.847963911894996, 0.20592980224688245
-0.0078036275999813, -0.8695537636130003, 0.20967583807918755
-0.012986163364649073, -0.8887161589235285, 0.21282404579122988
